1.7733e+00 3.2541e+00
6.6727e-01 3.6933e+00
1.6114e+00 3.7492e+00
3.8989e-01 4.7747e+00
3.4585e+00 4.8025e+00
5.5414e-01 1.5514e+00
2.4430e+00 5.6645e+00
1.6309e+00 3.6140e+00
2.7392e+00 4.7721e+00
2.0275e+00 3.5300e+00
2.0115e+00 4.8287e+00
2.6719e+00 2.7896e+00
1.6699e+00 1.4878e+00
9.1123e-01 4.4968e+00
3.6756e+00 4.8375e+00
1.7276e+00 5.2321e+00
3.5348e+00 1.5403e+00
3.1252e+00 4.8655e+00
2.9007e+00 3.5946e+00
3.4419e+00 4.5583e+00
1.3774e+00 2.3706e+00
3.7048e+00 2.7676e+00
1.1467e+00 1.1224e+00
3.7197e+00 1.7844e+00
1.9492e+00 1.7906e+00
6.4858e-01 5.0906e+00
8.6206e-01 4.0253e+00
3.5547e+00 2.1346e+00
3.1911e+00 1.9393e+00
3.8286e+00 1.6429e+00
2.8963e+00 4.3546e+00
3.9277e-01 3.2542e+00
4.4484e-01 3.4872e+00
1.2022e+00 3.2247e+00
2.2846e+00 4.8150e+00
1.0191e+00 3.2378e+00
6.9432e-01 1.1701e+00
3.3588e+00 5.8553e+00
3.0716e+00 4.6562e+00
8.3445e-01 5.8104e+00
2.6340e+00 1.7990e+00
2.3451e-01 5.5045e+00
2.8741e+00 4.8263e+00
2.8804e+00 5.9491e+00
3.6697e+00 3.1786e+00
2.0719e+00 3.3267e+00
1.8867e+00 4.5528e+00
1.3635e+00 2.2059e+00
3.7079e+00 2.0239e+00
2.1483e+00 3.9385e+00
3.9303e+00 4.4754e+00
2.2795e+00 3.6043e+00
4.8543e-01 3.8723e+00
1.0216e+00 5.0200e+00
2.6402e-01 1.6185e+00
3.3572e+00 2.5827e+00
3.7052e+00 3.8167e+00
3.1138e-01 4.1432e+00
8.6377e-01 3.7917e+00
2.7666e+00 2.4326e+00
3.1390e+00 4.2995e+00
3.3029e+00 3.5999e+00
3.7316e+00 3.6759e+00
1.8371e+00 4.8022e+00
7.5868e-01 4.5935e+00
2.3124e+00 4.5524e+00
3.6210e+00 1.6868e+00
2.3381e+00 4.1534e+00
2.4829e+00 1.3668e+00
3.5994e+00 4.6439e+00
9.6895e-01 5.1773e+00
2.8068e+00 4.1766e+00
1.7551e+00 2.5380e+00
3.9753e-01 3.1364e+00
1.2412e+00 4.7165e+00
3.3386e+00 2.9191e+00
3.0383e+00 3.3881e+00
2.4413e+00 3.9294e+00
1.1307e+00 3.5063e+00
3.1251e+00 2.1748e+00
3.9077e+00 1.7742e+00
3.5206e+00 5.7168e+00
4.7803e-01 2.7475e+00
3.2378e+00 4.0972e+00
3.5466e+00 3.6273e+00
1.1972e+00 1.3694e+00
3.4330e+00 5.0485e+00
1.0777e+00 2.9681e+00
2.6220e+00 5.4699e+00
2.3836e+00 5.5568e+00
3.7166e+00 4.5666e+00
2.0675e+00 1.3311e+00
3.8880e+00 5.7055e+00
8.3194e-01 1.3489e+00
7.2552e-01 2.1846e+00
3.7889e+00 5.8467e+00
2.3385e+00 1.8004e+00
1.5100e-01 2.0233e+00
2.6971e-01 5.9046e+00
3.3519e+00 2.2343e+00
1.0016e+00 5.5155e+00
2.6235e+00 3.5684e+00
7.6845e-02 1.1241e+00
1.0100e+00 5.8624e+00
3.0804e+00 1.1936e+00
1.6151e+00 4.2927e+00
3.2065e+00 1.6705e+00
6.8813e-01 5.2304e+00
3.7997e+00 4.1086e+00
2.6152e+00 3.7189e+00
3.2915e+00 3.8556e+00
3.1563e-01 4.3083e+00
1.2453e+00 5.4767e+00
1.9653e+00 4.2174e+00
3.6287e+00 2.4267e+00
9.2405e-01 2.9299e+00
1.1745e+00 3.7994e+00
9.1840e-01 2.6143e+00
3.6034e+00 3.8416e+00
1.6212e-01 3.9405e+00
1.0936e+00 4.5634e+00
1.4048e+00 2.5356e+00
5.1808e-01 1.7037e+00
3.7739e+00 5.0035e+00
3.5185e+00 3.4157e+00
1.4577e+00 3.5169e+00
2.3632e+00 2.7468e+00
3.1234e+00 3.9782e+00
3.1098e+00 4.7614e+00
3.5874e+00 3.0891e+00
1.8441e+00 4.1524e+00
2.6144e+00 2.6434e+00
9.7756e-01 2.3158e+00
3.1815e+00 3.8054e+00
2.5421e+00 2.8289e+00
4.8662e-01 5.6297e+00
4.6688e-01 2.5751e+00
6.8915e-01 2.6970e+00
3.4634e+00 1.9106e+00
3.6668e+00 5.2486e+00
5.2987e-01 5.1031e+00
3.4164e+00 4.2407e+00
2.4735e+00 4.3390e+00
2.5243e+00 1.7242e+00
5.9990e-01 4.2169e+00
3.8274e+00 4.7086e+00
2.8893e+00 5.5752e+00
3.1257e+00 2.0361e+00
3.3268e+00 1.4484e+00
6.6910e-01 1.5877e+00
8.2077e-01 2.9799e+00
3.1853e+00 5.9312e+00
1.4157e+00 1.3057e+00
3.4446e+00 2.8734e+00
2.9727e-01 3.6275e+00
2.7426e+00 3.4391e+00
1.4856e+00 3.7139e+00
2.1179e+00 3.1478e+00
3.3678e+00 1.5533e+00
2.0024e+00 4.5297e+00
2.4615e+00 3.6069e+00
1.7245e-01 3.2029e+00
5.7558e-01 2.2767e+00
1.1735e+00 5.7183e+00
1.0077e-01 4.4238e+00
1.3679e-01 1.6324e+00
3.6723e+00 4.2984e+00
1.6302e+00 2.8073e+00
2.9128e+00 1.5395e+00
5.3564e-01 1.8364e+00
1.2719e+00 4.0449e+00
5.7788e-01 3.8214e+00
7.8478e-01 2.0668e+00
1.1635e+00 3.9822e+00
8.3090e-02 5.4124e+00
3.1890e+00 5.1779e+00
2.5355e+00 4.5413e+00
2.1792e+00 3.5457e+00
2.0743e-01 1.3512e+00
3.7174e+00 3.3244e+00
1.7867e+00 5.0427e+00
1.9300e+00 2.2206e+00
1.1743e+00 2.2956e+00
2.2450e+00 4.6615e+00
2.7166e+00 1.6790e+00
6.5199e-02 5.0989e+00
1.5090e+00 2.2670e+00
2.7570e+00 3.9619e+00
1.9889e+00 5.4941e+00
1.8955e+00 1.5829e+00
3.8451e+00 4.5746e+00
5.9735e-02 1.4667e+00
1.3024e+00 2.8788e+00
2.9181e+00 4.0113e+00
7.5959e-01 4.7847e+00
2.0400e+00 2.4022e+00
1.8448e+00 5.5616e+00
2.7770e+00 1.4035e+00
3.9205e+00 1.3417e+00
3.0772e+00 3.7800e+00
2.6558e-01 5.0408e+00
1.1041e+00 4.2650e+00
1.2761e+00 1.9623e+00
1.4437e+00 4.5302e+00
3.2981e+00 4.4969e+00
2.2475e+00 1.1706e+00
3.1818e+00 5.3473e+00
3.4782e-01 5.5418e+00
2.6211e+00 4.4698e+00
1.4311e-01 2.7988e+00
3.0056e+00 2.5581e+00
8.3027e-01 1.5474e+00
1.9616e-01 3.0340e+00
1.8590e+00 1.2781e+00
1.3791e+00 5.8422e+00
2.5037e+00 1.1700e+00
2.0946e+00 1.4457e+00
3.3411e+00 5.5215e+00
2.5904e+00 5.9007e+00
1.7002e+00 4.1784e+00
3.0231e+00 3.6103e+00
2.3259e+00 3.3160e+00
1.6520e+00 1.1751e+00
2.1813e+00 4.4581e+00
3.2410e+00 3.0748e+00
1.5375e+00 3.8719e+00
1.0292e+00 5.2873e+00
1.4641e+00 2.6176e+00
9.6279e-01 3.1278e+00
2.1825e+00 1.2701e+00
3.3061e+00 5.1055e+00
2.0545e+00 2.8104e+00
2.2741e+00 5.2846e+00
2.9596e+00 1.7474e+00
9.6475e-02 5.8126e+00
1.8466e-01 1.2028e+00
2.0042e+00 5.6663e+00
1.7358e+00 4.7523e+00
1.6632e+00 3.3990e+00
1.9112e+00 5.1710e+00
1.3947e+00 2.0718e+00
3.4879e+00 3.9750e+00
3.4052e+00 5.6699e+00
1.4301e+00 2.7643e+00
2.5469e+00 3.0746e+00
3.3292e+00 2.4170e+00
9.9118e-01 2.0530e+00
1.8220e+00 4.2965e+00
2.3027e-01 5.2556e+00
1.3863e+00 3.3059e+00
2.2676e+00 2.9880e+00
3.2003e+00 1.3590e+00
2.8592e+00 1.3207e+00
1.5487e+00 1.6892e+00
2.4394e+00 4.5971e+00
2.9143e+00 3.0123e+00
2.5132e+00 2.3409e+00
2.6600e+00 2.4164e+00
3.5255e+00 2.2584e+00
1.9125e+00 5.0267e+00
1.3878e+00 5.1248e+00
4.1405e-01 1.9088e+00
2.3526e+00 1.0939e+00
5.6194e-01 5.9172e+00
9.6571e-01 3.7814e+00
3.4807e+00 3.0892e+00
2.2297e-01 4.0684e+00
1.2945e+00 4.5239e+00
8.7005e-01 2.2248e+00
7.2723e-01 3.5555e+00
1.6710e+00 1.0698e+00
2.3359e+00 1.5446e+00
1.9560e+00 2.8819e+00
2.6270e+00 5.1657e+00
2.7851e+00 5.8008e+00
1.0185e+00 1.5204e+00
2.5637e+00 2.0748e+00
4.7266e-01 2.1322e+00
6.7372e-01 4.1238e+00
2.5903e+00 5.6327e+00
1.6195e+00 5.0047e+00
3.5208e+00 5.4129e+00
1.2549e+00 4.8759e+00
2.9861e-01 4.6076e+00
1.7356e+00 4.4756e+00
2.9226e+00 5.0625e+00
8.6148e-01 4.1846e+00
5.3078e-01 4.7935e+00
2.0056e-01 3.7459e+00
4.3267e-01 1.2698e+00
2.3709e+00 4.0210e+00
3.9449e+00 2.5128e+00
2.7194e+00 3.6164e+00
1.8796e+00 2.6181e+00
1.9820e+00 1.9488e+00
3.0391e+00 1.3559e+00
1.8524e+00 3.6718e+00
1.9484e+00 2.7443e+00
2.6033e+00 3.8417e+00
3.3535e+00 1.6600e+00
9.4260e-01 5.7847e+00
2.0676e+00 4.3069e+00
2.8945e+00 2.3513e+00
7.5762e-01 4.3800e+00
2.9710e+00 1.2391e+00
7.7491e-01 2.8747e+00
2.2704e+00 2.4954e+00
1.5721e+00 3.3028e+00
3.4947e-01 3.5323e+00
3.1045e+00 2.8109e+00
2.5936e+00 4.1363e+00
2.1352e+00 4.6913e+00
2.8725e+00 2.4990e+00
1.5010e+00 2.4934e+00
2.6192e+00 1.5968e+00
1.8077e+00 2.8805e+00
7.9201e-01 3.7119e+00
5.4724e-01 2.4390e+00
3.6592e+00 5.3699e+00
3.2307e+00 4.3541e+00
2.6532e-01 4.4057e+00
8.8393e-01 3.6051e+00
4.6161e-01 5.2505e+00
2.7287e+00 4.0991e+00
3.0838e+00 1.9380e+00
1.2979e+00 3.5681e+00
6.0145e-01 3.3785e+00
1.2657e+00 5.0665e+00
6.1097e-01 4.5254e+00
1.4271e+00 1.0674e+00
7.3090e-01 4.0225e+00
9.8195e-01 3.4605e+00
1.7435e+00 2.0710e+00
2.6044e+00 4.6276e+00
4.9747e-01 3.1144e+00
1.1465e+00 1.8319e+00
6.9600e-01 5.7776e+00
1.1529e+00 1.5925e+00
3.3850e+00 4.7336e+00
1.2455e+00 1.7853e+00
2.8884e+00 3.4865e+00
2.1521e+00 1.8526e+00
4.5060e-01 5.8900e+00
1.2089e+00 2.6660e+00
6.8342e-01 4.7090e+00
1.0988e+00 2.4338e+00
3.7201e+00 4.4561e+00
1.6811e+00 1.2830e+00
2.3359e+00 2.2669e+00
3.1320e+00 5.8388e+00
2.8290e+00 2.1416e+00
3.8947e+00 4.8284e+00
3.4593e+00 2.4422e+00
3.8851e+00 5.3276e+00
3.2411e+00 1.2507e+00
2.4966e+00 3.1865e+00
3.3529e+00 2.0283e+00
2.0171e+00 1.0608e+00
3.1114e+00 5.4648e+00
2.5515e+00 1.9670e+00
1.6985e+00 5.7868e+00
1.0461e+00 1.8821e+00
4.0002e-01 5.7337e+00
4.6095e-01 1.4876e+00
4.2559e-01 3.6381e+00
8.2233e-01 5.9492e+00
2.4559e+00 2.1078e+00
3.1904e+00 3.4252e+00
7.6468e-01 3.8797e+00
1.8872e+00 5.8403e+00
3.2147e+00 2.8922e+00
1.3527e+00 4.8479e+00
3.5791e+00 3.5079e+00
1.6781e+00 4.6645e+00
2.9281e+00 4.6744e+00
2.6288e+00 4.2568e+00
3.4217e-01 1.1558e+00
5.2723e-02 4.0026e+00
3.1941e+00 3.6500e+00
1.4853e+00 4.1158e+00
1.5114e+00 5.1146e+00
3.9201e+00 5.4442e+00
8.0375e-01 1.1215e+00
3.2884e+00 2.6718e+00
3.9305e+00 2.3250e+00
1.3402e+00 3.6820e+00
1.6241e+00 4.8912e+00
1.9119e+00 5.3119e+00
3.7539e+00 5.6162e+00
2.3155e+00 5.4145e+00
2.0788e+00 5.8820e+00
3.4526e+00 5.1534e+00
3.0948e+00 4.1237e+00
3.4980e+00 1.2251e+00
2.8382e+00 5.6717e+00
3.3096e+00 3.1797e+00
2.4296e+00 4.4381e+00
9.6228e-01 1.3822e+00
1.5697e+00 5.3876e+00
1.3427e+00 5.2157e+00
1.8417e+00 4.0442e+00
5.9081e-01 5.5558e+00
2.7804e+00 2.2896e+00
2.4425e+00 4.9893e+00
6.8098e-01 1.9223e+00
1.7021e-01 4.9490e+00
9.6162e-01 1.1015e+00
3.8245e+00 3.0194e+00
8.6930e-01 5.3236e+00
3.3875e+00 1.1112e+00
2.4886e+00 4.6949e+00
2.7192e+00 1.8739e+00
1.4028e+00 1.9084e+00
3.3078e+00 5.2227e+00
2.1911e+00 5.6907e+00
2.6901e+00 3.1003e+00
2.0575e+00 4.0690e+00
2.7029e-01 1.4504e+00
2.1866e+00 2.2138e+00
1.8995e+00 1.1323e+00
1.5666e+00 5.8314e+00
7.5215e-01 1.7896e+00
1.4586e+00 4.7212e+00
2.4389e+00 1.9554e+00
3.7085e+00 2.5701e+00
3.3813e+00 3.2979e+00
1.9058e-01 1.7686e+00
2.2922e+00 2.3854e+00
2.5518e+00 5.2672e+00
1.2842e+00 1.5345e+00
1.0843e+00 5.6543e+00
1.8890e+00 3.8064e+00
2.1402e+00 1.6621e+00
2.5561e+00 5.7671e+00
2.6116e+00 3.4647e+00
6.8941e-01 2.0279e+00
1.1918e+00 2.4751e+00
2.3046e+00 5.1606e+00
3.5077e+00 4.3733e+00
1.9993e+00 1.2275e+00
3.7033e+00 3.0101e+00
3.3258e-01 1.7627e+00
6.1950e-01 2.8544e+00
2.2152e+00 5.5830e+00
2.8444e+00 5.2443e+00
1.6517e-01 3.6243e+00
4.0042e-01 4.5795e+00
3.3895e+00 4.0763e+00
7.5738e-01 2.3743e+00
3.2560e+00 1.8172e+00
5.1265e-02 3.1031e+00
3.9606e-01 2.0294e+00
3.1879e-01 2.9384e+00
1.0740e+00 5.1684e+00
6.1424e-01 3.0018e+00
3.8452e+00 3.5683e+00
9.0640e-01 2.3901e+00
2.9580e+00 3.8443e+00
2.7120e+00 5.6458e+00
3.9484e+00 3.9825e+00
2.2673e+00 4.3635e+00
3.7511e+00 5.4644e+00
3.5904e+00 5.9451e+00
7.1178e-01 2.5386e+00
3.9262e+00 2.0963e+00
2.3395e+00 2.8603e+00
2.6744e+00 4.9317e+00
1.1649e+00 2.0478e+00
3.2459e+00 3.2901e+00
1.0993e+00 3.3432e+00
3.0036e+00 5.8727e+00
2.8039e+00 4.6888e+00
1.5195e+00 2.9607e+00
2.4693e+00 4.8073e+00
1.2948e+00 4.1649e+00
3.9445e+00 5.8789e+00
8.7025e-01 1.9870e+00
2.7041e+00 5.0938e+00
2.9894e+00 4.8678e+00
1.8549e+00 2.4452e+00
5.0467e-01 3.3187e+00
1.5756e+00 3.1766e+00
3.0198e+00 4.3830e+00
2.4195e+00 2.5666e+00
1.7816e+00 5.7312e+00
1.2889e+00 1.0896e+00
1.3805e+00 5.5593e+00
3.9238e+00 2.6928e+00
3.9216e+00 3.1129e+00
1.6451e+00 2.0954e+00
9.9320e-01 4.6481e+00
1.4595e-01 4.6156e+00
1.6032e+00 5.5100e+00
2.9967e+00 2.3054e+00
2.9889e+00 2.8479e+00
8.4057e-01 3.2615e+00
2.7200e+00 2.5700e+00
3.8629e+00 1.1806e+00
2.8159e+00 2.9268e+00
2.9426e+00 3.3568e+00
2.0778e-01 3.3157e+00
2.3409e+00 3.1241e+00
1.4929e+00 2.1459e+00
1.6469e+00 2.9570e+00
3.2864e+00 5.6193e+00
1.1877e+00 3.0410e+00
3.7225e+00 2.2511e+00
9.7182e-01 2.1831e+00
2.0776e+00 1.5576e+00
3.7612e+00 3.4196e+00
2.1411e+00 5.3170e+00
1.9633e+00 3.4323e+00
1.0993e+00 4.4407e+00
3.6714e-01 4.0364e+00
1.4298e+00 3.9277e+00
1.7632e+00 1.2256e+00
3.8118e+00 5.1758e+00
2.4574e+00 5.8638e+00
9.9189e-01 4.0080e+00
3.5275e+00 1.9978e+00
3.1109e+00 2.6476e+00
4.9217e-01 2.8867e+00
1.4727e+00 3.4133e+00
2.4803e+00 2.6574e+00
1.1758e+00 5.1582e+00
1.0984e+00 3.1684e+00
1.5581e+00 5.2495e+00
2.0480e+00 3.9501e+00
2.6835e+00 2.2325e+00
1.4773e+00 1.7815e+00
3.0295e-01 4.8794e+00
2.4174e+00 1.6673e+00
2.3194e+00 1.2757e+00
3.2849e+00 4.8727e+00
1.1607e+00 2.8542e+00
3.5893e+00 3.3270e+00
2.1035e+00 3.7786e+00
3.8063e-01 1.6197e+00
1.6245e+00 2.5175e+00
2.3314e+00 3.7181e+00
2.5229e+00 5.3954e+00
5.3692e-02 1.7901e+00
1.5486e+00 1.1392e+00
3.9105e+00 1.5802e+00
8.1708e-01 2.7834e+00
1.5618e+00 4.6531e+00
7.4279e-01 5.3566e+00
2.2660e+00 3.9338e+00
1.6533e-01 2.2079e+00
3.0539e+00 5.2419e+00
2.8778e+00 1.8539e+00
3.6048e+00 5.1471e+00
1.1381e+00 4.7761e+00
2.1488e+00 4.1913e+00
3.8305e+00 3.8636e+00
3.0299e+00 1.5592e+00
3.8348e+00 2.2429e+00
7.1657e-01 3.1566e+00
1.4281e+00 4.3279e+00
8.7044e-01 4.8533e+00
5.8440e-02 2.8533e+00
1.2290e+00 5.8153e+00
1.5216e-01 2.3759e+00
6.1033e-01 5.3777e+00
5.9631e-01 2.0883e+00
2.1260e+00 2.5130e+00
2.4804e-01 5.6435e+00
3.7728e+00 1.9375e+00
2.1883e+00 3.7052e+00
3.6160e+00 1.2213e+00
4.1898e-01 2.2426e+00
1.0686e+00 1.2251e+00
1.0578e-01 3.4051e+00
2.3480e-01 2.5908e+00
3.0778e+00 1.0534e+00
3.0089e+00 5.1358e+00
1.7967e+00 1.5186e+00
3.4596e-01 5.3560e+00
3.3150e+00 4.2913e+00
3.1321e+00 3.1834e+00
2.6001e+00 3.2892e+00
2.9668e+00 5.7498e+00
2.3215e+00 3.4846e+00
8.3035e-01 3.4928e+00
2.6684e+00 4.3661e+00
1.3452e+00 1.7386e+00
3.4096e+00 5.3635e+00
4.1077e-01 2.4672e+00
2.1398e+00 1.1179e+00
2.3495e+00 2.0707e+00
3.1595e+00 2.4338e+00
2.2057e+00 3.2966e+00
5.8427e-01 5.1940e+00
2.9286e+00 4.1616e+00
2.8599e+00 2.7493e+00
5.4512e-01 5.0038e+00
3.7510e+00 2.3576e+00
1.2462e+00 4.2586e+00
1.4691e+00 5.4721e+00
2.5873e+00 4.0121e+00
2.6636e+00 1.9796e+00
2.4804e+00 4.0944e+00
2.8902e+00 1.1503e+00
3.1142e+00 3.5214e+00
3.1349e+00 1.5899e+00
2.0939e+00 3.6082e+00
1.4260e+00 2.9973e+00
1.1216e+00 2.1623e+00
2.0931e+00 2.9365e+00
3.9057e+00 1.9198e+00
2.9505e+00 1.9727e+00
1.9927e+00 3.8099e+00
5.2336e-01 5.4382e+00
1.6792e+00 5.9344e+00
4.8106e-01 3.7622e+00
7.5456e-01 5.1368e+00
2.0504e-01 4.7029e+00
3.6282e+00 2.9059e+00
1.3805e-01 3.5204e+00
2.7898e+00 4.3301e+00
1.8337e+00 2.1763e+00
9.0978e-01 1.7814e+00
1.3542e+00 3.1932e+00
9.0953e-01 1.2694e+00
3.2766e-01 3.8951e+00
1.6020e+00 2.3302e+00
1.8258e+00 1.6769e+00
3.4140e+00 3.7638e+00
1.5320e+00 4.8178e+00
1.0916e+00 2.6350e+00
2.0915e+00 4.9802e+00
1.7282e+00 2.4050e+00
3.9342e+00 3.8709e+00
7.1159e-01 5.9472e+00
3.9492e+00 4.3245e+00
2.1343e+00 5.0818e+00
7.4791e-01 4.8902e+00
1.9983e+00 5.3809e+00
3.5519e+00 1.1097e+00
2.6416e+00 1.3900e+00
3.5744e+00 5.0422e+00
3.8492e-01 4.4624e+00
2.9629e+00 4.5352e+00
3.2486e+00 2.1212e+00
9.1846e-01 1.4877e+00
1.5875e+00 1.5950e+00
1.6813e+00 2.6406e+00
3.8190e+00 4.0022e+00
3.1208e+00 4.5107e+00
1.1393e+00 4.9887e+00
1.2672e+00 3.3043e+00
2.4904e+00 1.0552e+00
1.8876e+00 4.4342e+00
1.0445e+00 1.6686e+00
2.8086e+00 1.7617e+00
2.3884e+00 5.2298e+00
1.4771e+00 3.1971e+00
1.2838e+00 3.0034e+00
3.1147e+00 1.8384e+00
2.0338e+00 4.4200e+00
2.7199e+00 4.5756e+00
2.7012e+00 1.4845e+00
1.5678e+00 2.7246e+00
3.4220e+00 3.6349e+00
3.6541e+00 5.7224e+00
1.6944e+00 3.1749e+00
1.3345e+00 2.7170e+00
3.7848e+00 1.3920e+00
4.7970e-01 4.3001e+00
2.3068e+00 4.2580e+00
1.5042e+00 4.2534e+00
8.1230e-02 5.6383e+00
8.4653e-01 4.7103e+00
3.9239e+00 5.2327e+00
3.8266e-01 4.9853e+00
1.6351e+00 5.6145e+00
3.7824e+00 1.5206e+00
8.3236e-02 3.2994e+00
1.2443e+00 3.8960e+00
3.3685e+00 1.2205e+00
2.5472e+00 5.0207e+00
3.6563e+00 1.8705e+00
1.1694e-01 4.2505e+00
1.4158e+00 1.1937e+00
2.1460e+00 5.2168e+00
7.9185e-01 2.6130e+00
6.3004e-01 1.7169e+00
9.9372e-01 2.7543e+00
9.8716e-01 4.8312e+00
4.9191e-01 4.0014e+00
2.1628e+00 4.0883e+00
1.3727e-01 2.6682e+00
7.8387e-01 5.7031e+00
1.1118e+00 3.8950e+00
3.6015e+00 4.9417e+00
3.9383e+00 2.2167e+00
1.5960e+00 4.5180e+00
1.6457e+00 2.2250e+00
3.1228e+00 2.5418e+00
1.7127e+00 2.7495e+00
1.2860e+00 1.6505e+00
1.8272e+00 3.5512e+00
3.8230e+00 2.8531e+00
3.8797e+00 3.6963e+00
2.9332e+00 2.6474e+00
1.0149e-01 5.9267e+00
3.0698e+00 5.0117e+00
3.2830e+00 1.0942e+00
3.1732e+00 2.3001e+00
1.7385e+00 1.7786e+00
1.2655e+00 3.4360e+00
2.4640e+00 3.7615e+00
1.3272e+00 3.9584e+00
1.3515e-01 5.2958e+00
1.6048e+00 5.7109e+00
2.8198e+00 3.7168e+00
5.6851e-01 4.6318e+00
2.3427e+00 4.9395e+00
5.3383e-01 1.9974e+00
1.5057e+00 3.0784e+00
1.2637e+00 1.2209e+00
2.5013e+00 1.5200e+00
3.5521e+00 2.7452e+00
3.2113e+00 4.6560e+00
3.2560e+00 5.4492e+00
2.3358e+00 5.7244e+00
1.6771e+00 1.6965e+00
2.5316e-01 2.0474e+00
3.3195e+00 1.3137e+00
8.1697e-01 3.1564e+00
2.2466e+00 5.8652e+00
1.7171e+00 5.4204e+00
1.9493e+00 4.7397e+00
1.6078e+00 4.0671e+00
3.1962e-01 2.3345e+00
1.8233e+00 2.3069e+00
3.1612e-01 2.6936e+00
3.8410e+00 4.9226e+00
3.3758e+00 1.8474e+00
1.5562e+00 1.9937e+00
2.7288e+00 2.6967e+00
3.6167e+00 4.7436e+00
2.4795e-01 3.5378e+00
3.2266e+00 4.2410e+00
1.1171e+00 4.1623e+00
1.6637e-01 4.8299e+00
1.0109e-01 3.7875e+00
1.7242e+00 4.9541e+00
1.9540e+00 3.6409e+00
9.7334e-01 5.3704e+00
1.4482e+00 1.5416e+00
3.6505e+00 2.6765e+00
2.7619e+00 2.8421e+00
5.8461e-01 1.1892e+00
1.9810e+00 5.9456e+00
1.8613e+00 1.3986e+00
3.2087e+00 2.6100e+00
3.4049e+00 3.4317e+00
5.7311e-01 2.5671e+00
2.0619e+00 2.6470e+00
2.2305e+00 2.6064e+00
2.5021e+00 1.8338e+00
2.7832e+00 1.1035e+00
1.7889e+00 1.8694e+00
2.7419e-01 1.9117e+00
3.0918e+00 3.0662e+00
3.7989e+00 2.5044e+00
2.2635e+00 3.8003e+00
2.0174e+00 1.6632e+00
3.7207e+00 4.7047e+00
3.1079e+00 3.2897e+00
3.2930e+00 4.9905e+00
2.0759e+00 2.1614e+00
3.7033e+00 3.5096e+00
1.0476e+00 3.5760e+00
6.4367e-01 4.9484e+00
3.8218e+00 4.3788e+00
2.2131e+00 2.8913e+00
2.5166e+00 3.3619e+00
2.5135e+00 2.1957e+00
1.0097e-01 1.3321e+00
1.2216e+00 5.3704e+00
2.9488e+00 3.2411e+00
9.5338e-01 3.8832e+00
3.7001e+00 1.1453e+00
1.7396e+00 3.4802e+00
3.3952e+00 4.3538e+00
1.6629e+00 3.0773e+00
1.4462e+00 5.6814e+00
1.5295e+00 1.2831e+00
2.8177e-01 3.3878e+00
3.5293e+00 3.2338e+00
8.8720e-01 5.5505e+00
2.5087e+00 2.9349e+00
3.1538e-01 2.1992e+00
5.5985e-02 3.5842e+00
1.5653e+00 4.3944e+00
1.0525e+00 5.7601e+00
3.4615e+00 1.3993e+00
8.7005e-01 4.3810e+00
1.0705e+00 3.7586e+00
4.5654e-01 3.0183e+00
3.4439e+00 5.9238e+00
3.3885e+00 2.7413e+00
2.6677e+00 1.1371e+00
2.9516e+00 2.1357e+00
1.9904e+00 2.1072e+00
5.8734e-01 1.0647e+00
1.1369e+00 5.4288e+00
3.7341e+00 2.1265e+00
3.6440e+00 5.5481e+00
3.5517e+00 2.9877e+00
3.7389e-01 5.1913e+00
2.3593e+00 1.3960e+00
1.0557e+00 1.0670e+00
1.5800e+00 1.7918e+00
1.8960e+00 5.6762e+00
7.7108e-01 1.2536e+00
7.4960e-01 4.4863e+00
8.9746e-01 3.3936e+00
2.3699e+00 5.9179e+00
2.1723e+00 4.5922e+00
2.4882e-01 2.7865e+00
2.7530e+00 5.9434e+00
7.8168e-01 5.5753e+00
1.1591e+00 1.9388e+00
2.0083e+00 5.2007e+00
3.6812e+00 4.1714e+00
9.7415e-01 5.6302e+00
6.4903e-01 3.9192e+00
1.1017e+00 5.5301e+00
7.6478e-01 4.2645e+00
7.7921e-01 5.4742e+00
2.7382e+00 1.2506e+00
3.4484e+00 1.7326e+00
1.9499e+00 1.4719e+00
1.9608e+00 2.9897e+00
2.2696e+00 1.9769e+00
1.2714e+00 2.2693e+00
1.7018e+00 1.9792e+00
8.7731e-01 5.1156e+00
1.9865e+00 3.2505e+00
5.6342e-01 3.5152e+00
2.3987e+00 3.2081e+00
2.1875e-01 2.9348e+00
3.6629e+00 3.9809e+00
3.0876e+00 5.7433e+00
3.1616e+00 5.5957e+00
2.9908e+00 5.5836e+00
3.4930e+00 2.6153e+00
1.7326e+00 3.9513e+00
1.5377e+00 5.9455e+00
5.8481e-02 4.1350e+00
3.8614e+00 3.2246e+00
1.3684e+00 4.6365e+00
1.3075e+00 2.4622e+00
1.1821e+00 1.4848e+00
1.2750e+00 5.7215e+00
2.5775e+00 4.8144e+00
2.8165e+00 1.9656e+00
2.4134e+00 5.1183e+00
1.7326e+00 3.5922e+00
4.3185e-01 4.1302e+00
5.0853e-01 1.3672e+00
3.8732e+00 5.0919e+00
3.9449e+00 2.9971e+00
2.5657e-01 1.0910e+00
5.1954e-02 1.2341e+00
1.7730e+00 3.3781e+00
1.9305e+00 4.3148e+00
2.8277e+00 1.5968e+00
3.9543e-01 1.3773e+00
2.2524e+00 4.0438e+00
1.5940e+00 1.3779e+00
8.5170e-01 2.4973e+00
5.9320e-01 3.2618e+00
7.3275e-02 1.9034e+00
2.7307e+00 5.4415e+00
3.6675e+00 1.5950e+00
1.8008e-01 2.4895e+00
6.0971e-01 3.1588e+00
3.4891e+00 5.5497e+00
1.9377e+00 2.3406e+00
3.1748e+00 1.1121e+00
2.0548e+00 1.7742e+00
1.3943e+00 5.3169e+00
1.0955e+00 1.3666e+00
2.8301e+00 3.1955e+00
2.4006e+00 3.3934e+00
3.8173e+00 2.6513e+00
1.4809e+00 2.3838e+00
1.9565e+00 3.1330e+00
1.1760e+00 3.6096e+00
2.5342e+00 1.2794e+00
4.9516e-01 1.1057e+00
2.0348e+00 5.0667e+00
2.1960e+00 1.3924e+00
1.0237e+00 4.3355e+00
3.2151e+00 3.5396e+00
2.8176e+00 3.8330e+00
3.4792e+00 5.2698e+00
2.4960e+00 3.4924e+00
2.1721e+00 2.3198e+00
3.6316e+00 4.4065e+00
6.4335e-01 4.4255e+00
2.2000e+00 4.9488e+00
3.1589e+00 2.9870e+00
2.8440e+00 3.0854e+00
3.4736e+00 4.1441e+00
1.8508e+00 5.4356e+00
1.3432e+00 4.7434e+00
2.7359e+00 4.4538e+00
1.2715e+00 3.1262e+00
1.3646e+00 3.4145e+00
3.9380e+00 4.6140e+00
3.2953e+00 2.7881e+00
3.0944e-01 2.4844e+00
3.7871e+00 4.8246e+00
6.3700e-02 4.7048e+00
7.0103e-01 3.4523e+00
3.6046e+00 4.5256e+00
2.9780e-01 3.2056e+00
3.2598e+00 3.7396e+00
1.3071e+00 4.3606e+00
3.8941e+00 4.1989e+00
2.9605e-01 5.7960e+00
2.8244e+00 2.6183e+00
6.9410e-01 3.3060e+00
2.7149e+00 5.2226e+00
2.4423e+00 4.2077e+00
2.1727e-01 4.2727e+00
1.8729e+00 3.3181e+00
6.1848e-02 2.2287e+00
1.1248e+00 1.7342e+00
3.8124e-01 2.8151e+00
2.7412e+00 2.0441e+00
3.9380e+00 4.9951e+00
2.6007e+00 3.1826e+00
1.2434e+00 2.1519e+00
7.5295e-01 1.6823e+00
3.4990e+00 4.7060e+00
3.2300e+00 5.7659e+00
1.4865e+00 2.8567e+00
8.6281e-01 1.6811e+00
3.5676e+00 4.2063e+00
2.3853e+00 4.7318e+00
1.2116e+00 5.6079e+00
3.2596e+00 4.7484e+00
3.4037e-01 3.7732e+00
3.6278e+00 2.3128e+00
3.7100e+00 1.2675e+00
2.9887e+00 3.0838e+00
3.8007e+00 1.0760e+00
2.9125e+00 5.3434e+00
1.9824e+00 2.5264e+00
2.6525e+00 2.9110e+00
3.9309e+00 3.4461e+00
2.3815e+00 2.9728e+00
6.6372e-01 1.2667e+00
1.0670e+00 2.2583e+00
3.5550e+00 5.8256e+00
3.2529e+00 1.5783e+00
5.0222e-01 4.8963e+00
3.7950e+00 3.1466e+00
1.8601e+00 1.9812e+00
2.9311e+00 3.7189e+00
6.2873e-01 5.6975e+00
2.8796e+00 1.4254e+00
1.3013e+00 1.3657e+00
2.2234e+00 1.7770e+00
2.1574e+00 4.3543e+00
2.7787e+00 3.3257e+00
3.4567e+00 3.8769e+00
1.6323e+00 1.8997e+00
1.6068e+00 3.4974e+00
1.6952e+00 5.1210e+00
2.6967e+00 5.3359e+00
2.0725e+00 5.5560e+00
2.2471e+00 3.4021e+00
6.8955e-02 4.9218e+00
9.7328e-01 3.6635e+00
1.8663e+00 3.0674e+00
1.9130e+00 3.9681e+00
2.1926e+00 5.4822e+00
2.1800e+00 4.7821e+00
3.5655e+00 1.4100e+00
1.0678e-01 5.5231e+00
2.1031e+00 2.0064e+00
2.8444e+00 4.9933e+00
2.8900e+00 4.4546e+00
1.2749e+00 5.9260e+00
1.5292e+00 3.6231e+00
1.7585e+00 1.3739e+00
3.8559e+00 5.5283e+00
6.8353e-01 1.4831e+00
6.7518e-01 4.3168e+00
2.8578e+00 5.4561e+00
1.5256e+00 4.9562e+00
2.1912e+00 1.5203e+00
1.7707e+00 5.8659e+00
1.5454e+00 1.4792e+00
1.7956e-01 5.1690e+00
2.4527e+00 5.4682e+00
3.5922e+00 4.0828e+00
1.7305e+00 3.7682e+00
6.4822e-01 2.4329e+00
1.0029e+00 2.5438e+00
7.9406e-01 1.8856e+00
2.9255e-01 3.0939e+00
2.6541e+00 5.7293e+00
3.0461e+00 4.2161e+00
3.4099e+00 4.9317e+00
4.7661e-01 4.7070e+00
3.9414e+00 3.3205e+00
2.8737e+00 2.2423e+00
3.2035e+00 2.7377e+00
2.6384e+00 1.2861e+00
1.7444e+00 5.6194e+00
8.2032e-01 4.9827e+00
3.0584e+00 2.9554e+00
3.2293e+00 3.9727e+00
2.0657e+00 2.2793e+00
5.6214e-01 3.6207e+00
2.7986e+00 5.3569e+00
1.2071e+00 4.4613e+00
3.2965e+00 3.4786e+00
1.6012e-01 1.4970e+00
1.3661e+00 5.0018e+00
1.1154e+00 4.6742e+00
3.1724e+00 5.0351e+00
4.8442e-01 2.3210e+00
2.1734e+00 3.0517e+00
1.8622e+00 4.9074e+00
1.1019e+00 5.9233e+00
2.3068e+00 5.0491e+00
1.4085e+00 1.6472e+00
1.0229e+00 4.1123e+00
3.0279e+00 5.3904e+00
3.1397e+00 1.4857e+00
2.2223e+00 1.0524e+00
1.3165e+00 2.5834e+00
2.4442e+00 2.4340e+00
3.1213e+00 4.4006e+00
5.7099e-01 4.1012e+00
9.3241e-02 2.9796e+00
2.8796e+00 2.0551e+00
1.8519e+00 4.7018e+00
3.5695e+00 2.5111e+00
1.7638e+00 1.1109e+00
3.3295e+00 3.0195e+00
3.5103e+00 4.4751e+00
3.3097e+00 4.1840e+00
3.4772e+00 3.5302e+00
3.0955e+00 1.7121e+00
3.6345e+00 3.7222e+00
3.8429e+00 2.3974e+00
2.0899e-01 4.4897e+00
3.6780e+00 1.4009e+00
2.2919e+00 1.6861e+00
2.0681e+00 3.0380e+00
1.2301e+00 5.2628e+00
3.7855e+00 5.3450e+00
2.5285e+00 2.5604e+00
9.2051e-02 2.5428e+00
1.7178e+00 4.0511e+00
4.3072e-01 1.7958e+00
1.6203e+00 3.9312e+00
2.6990e+00 3.2514e+00
1.8441e+00 2.7241e+00
6.9913e-02 3.8982e+00
3.2081e-01 1.2782e+00
1.3557e+00 5.4621e+00
3.5839e+00 1.7872e+00
1.3223e+00 3.7951e+00
3.7674e+00 5.7306e+00
1.7718e+00 2.9933e+00
3.0083e+00 3.4922e+00
9.3391e-01 1.6083e+00
6.7698e-01 2.2773e+00
1.9081e-01 4.1746e+00
6.5651e-01 1.3809e+00
9.4701e-01 1.9143e+00
1.8640e+00 3.4523e+00
3.5490e+00 4.8548e+00
3.8441e+00 5.9303e+00
5.7723e-01 2.7086e+00
3.5156e+00 3.7836e+00
2.9544e+00 1.0509e+00
1.4256e+00 1.4344e+00
9.1317e-01 4.2751e+00
1.0915e+00 4.8898e+00
3.4554e+00 2.0933e+00
4.2787e-01 5.0783e+00
5.2750e-01 5.7789e+00
3.6404e+00 1.0602e+00
4.9179e-01 4.4212e+00
1.7942e+00 5.1464e+00
6.3506e-01 1.8215e+00
1.9349e-01 5.7534e+00
3.4401e+00 5.7781e+00
2.7521e+00 3.0146e+00
2.9777e+00 1.6445e+00
2.1234e+00 4.8655e+00
2.2286e+00 2.1175e+00
2.7756e+00 5.5516e+00
2.5120e+00 5.5633e+00
7.3775e-01 3.0575e+00
3.3241e+00 4.6316e+00
2.4385e+00 3.0593e+00
1.2377e+00 2.7737e+00
2.8200e+00 4.0538e+00
2.0845e+00 3.4406e+00
1.6893e+00 1.5929e+00
2.7044e+00 3.7979e+00
1.5345e+00 3.9983e+00
1.5194e+00 5.6013e+00
3.9497e+00 4.1013e+00
1.3994e+00 3.0953e+00
2.0068e+00 5.7899e+00
3.2690e+00 2.5232e+00
3.6886e+00 5.0783e+00
2.6802e+00 5.8291e+00
3.0211e+00 4.0414e+00
1.6781e+00 4.3829e+00
3.3567e+00 3.9741e+00
1.0768e+00 3.0693e+00
2.2727e+00 3.2052e+00
1.5308e+00 1.8949e+00
2.9944e+00 1.8777e+00
2.2497e-01 3.8586e+00
7.1127e-01 2.9579e+00
1.8316e+00 3.1625e+00
4.1239e-01 5.4544e+00
2.1327e+00 5.7815e+00
3.2719e+00 2.3193e+00
1.1243e+00 5.2549e+00
1.9729e+00 4.6348e+00
2.4613e-01 5.3933e+00
1.6533e+00 5.3105e+00
3.4028e+00 2.3430e+00
3.6959e+00 5.9161e+00
2.7911e+00 4.8994e+00
2.1635e+00 2.7827e+00
2.6543e+00 3.9357e+00
2.1758e+00 2.4247e+00
4.6289e-01 5.3532e+00
3.9612e-01 4.2272e+00
1.7709e+00 4.5843e+00
7.8528e-01 1.4399e+00
2.4083e+00 2.3383e+00
6.7601e-01 5.4730e+00
9.9894e-01 2.8550e+00
2.1042e+00 5.4285e+00
4.0608e-01 3.3609e+00
1.9479e+00 4.0829e+00
1.2129e+00 4.6176e+00
8.8804e-01 2.0875e+00
5.0630e-01 4.5242e+00
3.8675e+00 1.4624e+00
3.0174e+00 1.4555e+00
2.5520e+00 4.9179e+00
3.5814e+00 5.3014e+00
3.0483e+00 2.4580e+00
5.0590e-02 4.8144e+00
7.9346e-01 3.3832e+00
9.9336e-01 2.4415e+00
2.4257e+00 1.2505e+00
2.0037e+00 4.9297e+00
1.5855e+00 4.1735e+00
3.8176e+00 1.8352e+00
3.8388e+00 3.3327e+00
1.8067e+00 5.3040e+00
1.2431e+00 3.7087e+00
3.5236e+00 1.6589e+00
1.1225e+00 2.7560e+00
1.1999e+00 4.3514e+00
6.7906e-01 3.8178e+00
3.6548e+00 3.6001e+00
1.5807e+00 2.6121e+00
1.8867e+00 2.0785e+00
3.9443e+00 2.8879e+00
5.5698e-02 5.2035e+00
9.3564e-01 5.9500e+00
2.9515e+00 5.2375e+00
8.7426e-01 5.2206e+00
2.8150e+00 4.5215e+00
7.2583e-01 1.0540e+00
3.9471e+00 4.7222e+00
1.4311e+00 3.8068e+00
1.9577e+00 1.3346e+00
1.8130e+00 3.8902e+00
3.9459e+00 1.2380e+00
6.4998e-01 4.8050e+00
1.4174e+00 4.2023e+00
2.2230e-01 2.2945e+00
1.4078e+00 4.0424e+00
1.1631e+00 1.2589e+00
2.2704e+00 2.7042e+00
3.9353e+00 5.6006e+00
2.8052e+00 5.0991e+00
2.8893e+00 5.8157e+00
1.3642e+00 4.4440e+00
3.4317e+00 3.2024e+00
1.4440e+00 4.8889e+00
2.9738e+00 4.7673e+00
3.7758e+00 4.2487e+00
2.6300e+00 3.0113e+00
2.4423e+00 2.8580e+00
3.4810e+00 3.3223e+00
4.8827e-01 3.2192e+00
2.5454e+00 2.4520e+00
3.6389e-01 1.5147e+00
5.6431e-02 4.5373e+00
3.0003e+00 3.9359e+00
3.1231e+00 1.2865e+00
3.2896e+00 5.3351e+00
8.8657e-01 5.4308e+00
3.2992e+00 5.9382e+00
3.9052e+00 1.0668e+00
3.6213e-01 2.5798e+00
2.5186e+00 5.1351e+00
2.3900e+00 5.3459e+00
2.3537e+00 2.6453e+00
2.3817e+00 3.8263e+00
3.8098e+00 2.0489e+00
5.1909e-02 2.7483e+00
1.8524e+00 5.9390e+00
2.6515e+00 2.1373e+00
1.7037e+00 5.5215e+00
2.6056e+00 2.2999e+00
1.7944e+00 4.3940e+00
3.0727e+00 5.9454e+00
3.4506e+00 2.9883e+00
2.9608e+00 5.4662e+00
3.6728e-01 1.0516e+00
3.3000e+00 1.9180e+00
1.4062e+00 5.9415e+00
2.1630e+00 5.9489e+00
8.8551e-01 4.6021e+00
2.8031e+00 3.5524e+00
2.8163e-01 4.7680e+00
3.7246e+00 1.6816e+00
8.5774e-01 3.9179e+00
4.1483e-01 2.6665e+00
3.6467e-01 5.9485e+00
3.4006e+00 4.4591e+00
8.0924e-02 3.6895e+00
2.8855e+00 2.8505e+00
9.1717e-01 5.0095e+00
3.7333e+00 2.9048e+00
1.6329e+00 4.7732e+00
3.8367e+00 2.7521e+00
3.0850e+00 3.8816e+00
2.6007e+00 1.0533e+00
3.6531e+00 3.4042e+00
9.8058e-01 3.0213e+00
1.7510e+00 2.2336e+00
5.3804e-02 2.4051e+00
2.9632e+00 4.9654e+00
3.8276e+00 1.2928e+00
1.0124e+00 1.7805e+00
1.8893e+00 1.8798e+00
1.4674e+00 5.7923e+00
3.0269e+00 2.0599e+00
5.1631e-02 4.3327e+00
3.5310e+00 2.3694e+00
3.0347e+00 2.7177e+00
2.8690e+00 4.2563e+00
3.5041e+00 4.9657e+00
9.3510e-02 2.1336e+00
3.2368e+00 2.2226e+00
1.6120e-01 1.0524e+00
1.2500e+00 2.3761e+00
3.3231e+00 5.7292e+00
9.8864e-01 3.3360e+00
2.8831e+00 3.9160e+00
1.7149e+00 4.2810e+00
3.6260e+00 2.2063e+00
9.9660e-01 4.2098e+00
1.4620e+00 5.2142e+00
2.3400e+00 1.9028e+00
2.6641e+00 3.3675e+00
1.6804e+00 3.2949e+00
7.9198e-01 4.1089e+00
1.6284e-01 5.0673e+00
2.7711e-01 3.9817e+00
1.0152e+00 4.5004e+00
2.6396e+00 4.7231e+00
3.9381e+00 3.6085e+00
1.7228e+00 4.8527e+00
3.5748e+00 5.6239e+00
6.8461e-01 5.6072e+00
1.4244e+00 3.6140e+00
8.8167e-01 3.0641e+00
2.5293e+00 4.4272e+00
3.3165e+00 3.3772e+00
3.7406e+00 3.9164e+00
2.2897e+00 5.5129e+00
5.5488e-01 5.2901e+00
2.0358e+00 3.6997e+00
1.7191e-01 1.8700e+00
2.1590e+00 2.6814e+00
2.3716e+00 4.3483e+00
2.1005e+00 1.2111e+00
5.7658e-01 1.4458e+00
3.9488e+00 1.6763e+00
3.5642e+00 1.3079e+00
5.6867e-01 4.3489e+00
2.5538e+00 2.7262e+00
2.2217e+00 5.3771e+00
1.0391e+00 4.7402e+00
1.4640e+00 4.4238e+00
3.7984e+00 3.7626e+00
3.4690e+00 1.0504e+00
2.3077e+00 5.6278e+00
1.8481e+00 1.7872e+00
1.0775e+00 1.9972e+00
2.3235e+00 4.4497e+00
7.3291e-01 5.0326e+00
3.6281e+00 1.4892e+00
8.7739e-01 5.6591e+00
2.5950e+00 1.4839e+00
8.8935e-01 2.7122e+00
2.2789e+00 1.4579e+00
2.8764e+00 1.6876e+00
2.6266e+00 2.5243e+00
3.3588e+00 2.1296e+00
2.4393e+00 5.7653e+00
2.3758e+00 2.1682e+00
2.9732e+00 4.2879e+00
3.4315e+00 5.4628e+00
2.8115e-01 5.1496e+00
3.0225e+00 2.2069e+00
5.9336e-01 4.0030e+00
7.0731e-01 2.7984e+00
3.0892e+00 2.3613e+00
5.0735e-02 1.5748e+00
3.6254e+00 1.9659e+00
3.6585e+00 5.8230e+00
3.2136e+00 4.5557e+00
3.5407e+00 2.8450e+00
1.9431e+00 5.5844e+00
3.1070e+00 5.1162e+00
3.4271e+00 1.3037e+00
3.6178e-01 5.6411e+00
1.3124e+00 1.8642e+00
5.1075e-02 2.0329e+00
7.8226e-01 2.2746e+00
3.2054e+00 4.9382e+00
2.5094e+00 1.6249e+00
3.0726e+00 5.6422e+00
1.1134e+00 2.5373e+00
6.2272e-01 2.1851e+00
3.0963e+00 3.6805e+00
2.7278e+00 4.2392e+00
1.7820e+00 2.6424e+00
1.2932e+00 2.0635e+00
2.0519e+00 1.8758e+00
3.3785e+00 3.1072e+00
2.0703e+00 4.6053e+00
3.9486e+00 3.7701e+00
5.1354e-02 1.6861e+00
3.4453e+00 2.1929e+00
1.1777e+00 4.0823e+00
1.7064e+00 2.8757e+00
2.9498e+00 2.4352e+00
3.0304e+00 3.1765e+00
3.7046e+00 4.0737e+00
3.2069e+00 4.4527e+00
7.8459e-01 5.2655e+00
5.1962e-02 3.2037e+00
1.6018e+00 5.1585e+00
4.7963e-01 5.5286e+00
1.9274e+00 3.5418e+00
8.7470e-01 1.0504e+00
1.3491e+00 5.6543e+00
