2.8074e-01 1.6620e+00
1.5473e+00 1.3103e+00
2.4441e+00 1.3480e+00
3.4523e+00 1.2630e+00
4.5496e+00 1.7104e+00
6.5050e+00 1.5340e+00
7.5822e+00 1.5437e+00
8.5784e+00 1.3613e+00
9.6480e+00 1.5583e+00
3.6523e+00 2.2830e+00
5.2892e+00 2.3842e+00
6.5559e+00 2.4996e+00
7.4801e+00 2.6078e+00
8.7312e+00 2.6702e+00
9.7371e+00 2.6170e+00
6.5619e-01 3.4871e+00
1.7214e+00 3.4388e+00
2.3815e+00 3.3279e+00
3.3124e+00 3.3932e+00
4.2554e+00 3.6134e+00
6.2893e+00 3.4864e+00
7.6113e+00 3.7282e+00
8.5925e+00 3.3450e+00
9.2728e+00 3.4956e+00
1.6265e+00 4.2637e+00
2.6984e+00 4.6075e+00
3.5290e+00 4.3190e+00
4.5804e+00 4.2523e+00
5.7021e+00 4.5281e+00
6.6175e+00 4.5225e+00
7.5482e+00 4.3931e+00
8.2742e+00 4.2689e+00
4.0236e-01 5.2555e+00
1.7358e+00 5.4869e+00
2.4099e+00 5.3545e+00
3.5841e+00 5.6614e+00
4.6822e+00 5.4073e+00
5.4293e+00 5.5465e+00
7.4690e+00 5.4589e+00
5.1031e-01 6.5063e+00
1.4805e+00 6.2709e+00
2.6185e+00 6.5819e+00
3.3553e+00 6.6497e+00
5.5954e+00 6.3914e+00
6.6357e+00 6.4562e+00
8.5720e+00 6.6703e+00
9.3982e+00 6.4354e+00
2.6933e+00 7.5542e+00
3.4676e+00 7.7461e+00
4.3534e+00 7.3358e+00
5.7202e+00 7.3051e+00
6.5235e+00 7.2896e+00
7.5731e+00 7.5203e+00
8.4810e+00 7.5174e+00
9.3510e+00 7.5483e+00
4.5110e-01 8.4696e+00
1.3868e+00 8.7189e+00
2.4897e+00 8.2595e+00
3.4592e+00 8.7496e+00
4.6234e+00 8.6824e+00
5.3011e+00 8.4365e+00
6.5397e+00 8.4367e+00
7.3233e+00 8.3045e+00
8.4479e+00 8.4547e+00
4.9182e-01 9.5151e+00
1.6985e+00 9.6710e+00
3.3561e+00 9.4327e+00
4.4493e+00 9.2949e+00
5.4291e+00 9.2516e+00
6.6256e+00 9.3530e+00
7.5749e+00 9.4735e+00
8.3804e+00 9.5762e+00
9.7036e+00 9.3854e+00
1.3217e+00 1.0668e+01
2.4634e+00 1.0568e+01
3.3233e+00 1.0299e+01
4.3196e+00 1.0538e+01
5.3945e+00 1.0357e+01
6.6149e+00 1.0501e+01
7.5942e+00 1.0388e+01
8.2767e+00 1.0722e+01
