5.9154e-01 4.5859e+00
6.6121e-01 7.9231e+00
1.1550e+00 6.7262e+00
3.4167e-01 6.1448e+00
1.1162e+00 7.5541e+00
1.9611e+00 6.9792e+00
1.7693e-01 7.4668e+00
4.4235e-01 5.7847e+00
2.2460e+00 7.0668e+00
1.7776e+00 6.5772e+00
2.0954e+00 4.7092e+00
1.4196e+00 6.8633e+00
3.3730e-01 1.6852e+00
7.3296e-01 2.5458e+00
5.7213e-01 3.2840e+00
7.3334e-01 5.2367e+00
1.3864e+00 1.1327e+00
1.6768e+00 4.1820e+00
1.2829e+00 3.9384e+00
1.1620e+00 1.2691e+00
2.1458e+00 1.1090e+00
1.6145e+00 2.5250e+00
2.3757e+00 8.7937e+00
8.1171e-01 3.0991e+00
5.5142e-01 3.9275e+00
6.6279e-01 6.0756e+00
1.3276e+00 1.9647e+00
3.9704e-01 7.8393e+00
1.3597e-01 3.1991e+00
5.6063e-01 2.1486e+00
2.2483e+00 2.7735e+00
4.6857e-01 6.5129e+00
7.0160e-01 1.9237e+00
2.5724e-01 4.0766e+00
1.7314e+00 7.2079e+00
1.9765e+00 2.2864e+00
6.8275e-01 6.3463e+00
2.2258e+00 1.8650e+00
1.0555e+00 3.3823e+00
5.4569e-01 1.5071e+00
2.3478e+00 6.7017e+00
1.8522e+00 7.9544e+00
5.6664e-01 8.7672e+00
1.8660e+00 5.6707e+00
1.5355e+00 8.7209e+00
7.4658e-01 7.6081e+00
1.4912e+00 6.4098e+00
1.2365e+00 2.4320e+00
1.3935e+00 4.5499e+00
2.2362e+00 7.6538e+00
1.7141e+00 4.7563e+00
1.8770e+00 8.4510e+00
1.3182e+00 5.8461e+00
2.3664e+00 7.8520e+00
4.6177e-01 4.8835e+00
1.5871e+00 1.3904e+00
1.5734e+00 7.7359e+00
1.0527e+00 8.8751e+00
6.4636e-01 2.3416e+00
2.2980e+00 5.0332e+00
2.3788e+00 4.0515e+00
2.0781e+00 6.3821e+00
2.1492e+00 4.3430e+00
1.1027e+00 1.8791e+00
1.1376e+00 7.0603e+00
1.1029e+00 6.0831e+00
3.7848e-01 2.7228e+00
2.0169e+00 1.3187e+00
1.7681e+00 2.8923e+00
1.9102e+00 5.4246e+00
7.9600e-01 7.1910e+00
2.1925e+00 5.4501e+00
2.2993e+00 3.1346e+00
2.0439e+00 3.1460e+00
8.3030e-01 3.6748e+00
5.1377e-01 4.3715e+00
1.9351e+00 1.5279e+00
1.1142e+00 2.9269e+00
9.3340e-01 7.8623e+00
6.9987e-01 2.8159e+00
1.5677e+00 1.7297e+00
1.9306e-01 4.9870e+00
1.2257e+00 2.2081e+00
3.1661e-01 3.2970e+00
1.8427e+00 7.5661e+00
1.2582e+00 7.9006e+00
3.8094e-01 8.6290e+00
5.4106e-01 3.0466e+00
1.2109e-01 5.8367e+00
2.5850e-01 8.2011e+00
8.0195e-01 3.3875e+00
4.7972e-01 3.7181e+00
5.2569e-01 5.4905e+00
1.5023e+00 8.2919e+00
5.0613e-01 1.1279e+00
1.9525e-01 6.5177e+00
1.3006e+00 1.5501e+00
1.5942e+00 7.4288e+00
3.3121e-01 2.0236e+00
2.2364e+00 6.0294e+00
2.1475e-01 3.5225e+00
1.0956e-01 6.7408e+00
1.4775e+00 8.4917e+00
9.7280e-01 8.3188e+00
1.9575e+00 5.9742e+00
4.1657e-01 7.4122e+00
1.8238e+00 3.9449e+00
1.9151e+00 4.8809e+00
1.6478e+00 6.7672e+00
1.8895e+00 2.5386e+00
3.4840e-01 5.2581e+00
1.1269e-01 8.5765e+00
2.2010e+00 8.4279e+00
2.0061e+00 2.8048e+00
2.1821e+00 3.6915e+00
1.1726e+00 4.8799e+00
2.0732e+00 3.8915e+00
5.0700e-01 1.8556e+00
2.3142e+00 1.4222e+00
1.2834e+00 3.1225e+00
2.8138e-01 1.2782e+00
1.0403e+00 5.4715e+00
1.3138e+00 2.7062e+00
1.4227e+00 2.3464e+00
9.0129e-01 6.4995e+00
1.8643e+00 3.4767e+00
2.2823e+00 2.3924e+00
6.5743e-01 5.6729e+00
1.6334e+00 3.6600e+00
1.1441e-01 2.0384e+00
1.5459e+00 4.8840e+00
1.4978e+00 5.0838e+00
2.0196e+00 6.7726e+00
1.0942e+00 5.7111e+00
8.2301e-01 1.5767e+00
7.7103e-01 4.8225e+00
2.0324e+00 8.2397e+00
1.4603e+00 6.1379e+00
5.3711e-01 7.0935e+00
1.4456e+00 5.4659e+00
1.0298e+00 3.7705e+00
1.2734e-01 7.8688e+00
7.5735e-01 8.5464e+00
1.6607e+00 2.0437e+00
1.1711e+00 4.1483e+00
1.6689e+00 5.7862e+00
2.1033e-01 4.2976e+00
2.3933e+00 1.1531e+00
9.3962e-01 5.1397e+00
2.3554e+00 4.4130e+00
2.0689e+00 5.7069e+00
1.2351e+00 5.2071e+00
1.6576e+00 1.1850e+00
1.2862e+00 8.3601e+00
6.9274e-01 6.6276e+00
1.3930e+00 4.1980e+00
1.9633e+00 4.2133e+00
4.4086e-01 2.4922e+00
2.3791e+00 2.1811e+00
6.2560e-01 4.1780e+00
2.1249e+00 8.7346e+00
2.3695e+00 7.3818e+00
1.2503e+00 7.2762e+00
1.3878e+00 2.9338e+00
1.2985e+00 5.6026e+00
8.7216e-01 6.1883e+00
1.0035e+00 4.3600e+00
2.0401e+00 5.2697e+00
2.9116e-01 5.5172e+00
1.6310e+00 7.9340e+00
1.7427e+00 5.0741e+00
7.8908e-01 4.3429e+00
1.2776e+00 3.3780e+00
4.0857e-01 6.9209e+00
1.5290e+00 3.9600e+00
1.2831e-01 2.5511e+00
1.3628e+00 3.5665e+00
2.3980e+00 5.4048e+00
1.1769e+00 4.6393e+00
4.8550e-01 8.2883e+00
1.7132e+00 6.3085e+00
6.8903e-01 8.2221e+00
1.9013e+00 3.6754e+00
8.6773e-01 2.1038e+00
8.3817e-01 1.3227e+00
1.2748e+00 6.4860e+00
2.0768e+00 3.3434e+00
1.9955e+00 7.7578e+00
6.1994e-01 6.8437e+00
1.7510e+00 3.1099e+00
1.3463e+00 4.7584e+00
1.0938e+00 8.5662e+00
1.0391e+00 2.4810e+00
2.1352e+00 1.5242e+00
2.8400e-01 2.9248e+00
5.2273e-01 8.0748e+00
1.3269e+00 7.4666e+00
3.3299e-01 3.8751e+00
1.7377e+00 4.5036e+00
9.6613e-01 6.9296e+00
1.7445e+00 8.8142e+00
2.3507e+00 4.7065e+00
1.9136e+00 8.6983e+00
1.7884e+00 1.8869e+00
1.1369e+00 8.1935e+00
5.6859e-01 5.1012e+00
1.5884e+00 5.3242e+00
1.3285e+00 8.7148e+00
9.7082e-01 4.7747e+00
3.2663e-01 7.1873e+00
6.6410e-01 7.3899e+00
2.3857e+00 1.6465e+00
1.3562e-01 4.7157e+00
1.3633e+00 1.7628e+00
5.6660e-01 3.4867e+00
2.3764e+00 8.5630e+00
2.3276e+00 3.5151e+00
1.9605e+00 7.3459e+00
2.2865e+00 8.1033e+00
3.3978e-01 4.6852e+00
1.7178e+00 8.2455e+00
7.6086e-01 8.8581e+00
2.0282e+00 2.0853e+00
8.9943e-01 2.8020e+00
1.8336e-01 7.0312e+00
1.4219e+00 7.0983e+00
1.3559e+00 8.0970e+00
8.1671e-01 3.9462e+00
1.2332e+00 4.4066e+00
8.8061e-01 4.5742e+00
2.2890e+00 6.3784e+00
1.1043e+00 6.3767e+00
5.1418e-01 7.6256e+00
1.5898e+00 6.9884e+00
2.0144e+00 1.7720e+00
9.2539e-01 6.7039e+00
7.3536e-01 1.1483e+00
1.7676e+00 6.0516e+00
1.1197e-01 3.7528e+00
9.4967e-01 7.3692e+00
1.6692e+00 8.5589e+00
2.1296e+00 7.2313e+00
9.0228e-01 8.0975e+00
1.7588e+00 2.2999e+00
9.1703e-01 4.1481e+00
1.6305e+00 3.3826e+00
8.9282e-01 1.7736e+00
2.1691e+00 6.5912e+00
1.9386e+00 4.4620e+00
3.6233e-01 2.2946e+00
3.9944e-01 8.8900e+00
1.9432e-01 7.6787e+00
8.2519e-01 5.8132e+00
2.2775e+00 5.7070e+00
1.4882e-01 1.6007e+00
2.1622e+00 4.1088e+00
1.7607e-01 6.2662e+00
2.0946e+00 2.5567e+00
1.6930e-01 1.8441e+00
2.1610e+00 7.4366e+00
1.0704e-01 5.6321e+00
2.0944e+00 7.9815e+00
4.6717e-01 6.3039e+00
2.2273e-01 4.5036e+00
2.0175e+00 5.0570e+00
8.9255e-01 8.7050e+00
1.0739e+00 3.1653e+00
3.4526e-01 6.7255e+00
1.0004e+00 1.1148e+00
1.3091e-01 2.2995e+00
1.4988e-01 5.2856e+00
1.5479e-01 8.8359e+00
1.4976e+00 6.6346e+00
1.5520e+00 3.1512e+00
1.5227e+00 2.7643e+00
1.6573e+00 5.5714e+00
1.0900e+00 1.4826e+00
9.9550e-01 2.2613e+00
2.3755e+00 2.9380e+00
1.4077e+00 3.7620e+00
1.1567e+00 3.5694e+00
3.1275e-01 8.3949e+00
7.5627e-01 5.0230e+00
1.4755e+00 5.7190e+00
6.3114e-01 1.3251e+00
7.7850e-01 5.4989e+00
1.7378e+00 1.6230e+00
1.1904e-01 6.0620e+00
1.9519e+00 6.1862e+00
1.5701e+00 4.3813e+00
1.3180e+00 6.2819e+00
1.4494e+00 2.1464e+00
6.5792e-01 1.6988e+00
2.3713e+00 3.8303e+00
2.3990e+00 6.1517e+00
1.0694e-01 7.2739e+00
2.3940e+00 5.9061e+00
1.3781e+00 7.6690e+00
1.9420e+00 1.1167e+00
2.3994e+00 8.3084e+00
2.1504e+00 2.9672e+00
1.4937e-01 1.1052e+00
2.3973e+00 6.9096e+00
2.3923e+00 2.6167e+00
1.5273e+00 5.9420e+00
1.1621e-01 1.3945e+00
1.5403e-01 2.7709e+00
5.5402e-01 8.5258e+00
3.0227e-01 5.9277e+00
1.8060e+00 1.3443e+00
1.0451e+00 3.9781e+00
1.0932e+00 2.7025e+00
2.2567e+00 5.2396e+00
1.3891e+00 1.3332e+00
3.4302e-01 1.4817e+00
1.0601e-01 8.3425e+00
2.3768e+00 3.3195e+00
1.8836e+00 3.2772e+00
1.9850e+00 8.8948e+00
1.7828e+00 7.7627e+00
1.1071e+00 7.7576e+00
1.7424e+00 2.6898e+00
2.3933e+00 1.9806e+00
1.1413e+00 1.6804e+00
1.8992e+00 4.6694e+00
7.6370e-01 6.9834e+00
2.1993e+00 6.8718e+00
6.2952e-01 5.8773e+00
1.0112e+00 5.8955e+00
1.0296e-01 8.0724e+00
1.2388e+00 5.4087e+00
1.4209e+00 8.8970e+00
1.0782e+00 8.0005e+00
2.1781e+00 2.2215e+00
5.7057e-01 2.6629e+00
4.1937e-01 4.1939e+00
