2.9124e+00 1.8237e+00
8.2382e+00 1.8825e+00
6.3050e+00 5.2822e+00
1.6783e+00 7.6582e+00
8.0648e+00 7.8937e+00
2.7165e+00 6.3151e+00
6.3920e+00 8.3510e+00
1.8758e+00 9.6257e+00
5.7879e+00 2.3826e+00
4.8332e+00 9.1002e+00
8.6390e+00 4.7970e+00
4.4698e+00 7.1887e+00
4.3519e+00 4.4788e+00
7.1403e+00 1.0074e+01
8.7814e+00 9.7968e+00
9.2802e-01 3.7875e+00
1.0800e+00 1.9985e+00
2.7530e+00 4.7069e+00
7.3489e+00 3.5966e+00
1.0145e+00 5.8347e+00
8.8284e+00 6.4304e+00
3.1856e+00 8.6621e+00
3.6436e+00 1.0195e+01
4.1625e+00 2.8356e+00
6.8614e+00 6.7963e+00
9.0739e+00 3.2507e+00
