7.7212e+00 7.1608e+00
7.7054e+00 9.9055e+00
5.2285e+00 1.0014e+01
3.2753e+00 6.0900e+00
3.8837e-01 8.2055e+00
8.3347e+00 1.9415e+00
7.0834e-01 6.0648e+00
4.1724e+00 7.4384e+00
8.7100e+00 5.2095e+00
3.6783e-01 1.7337e+00
6.4059e+00 4.0332e+00
3.5625e+00 1.0203e+01
5.2768e+00 7.9527e+00
9.3244e+00 5.8268e+00
5.7072e+00 7.3197e+00
2.7203e+00 1.0131e+01
8.2373e+00 9.5508e+00
2.8943e+00 1.9612e+00
9.4992e+00 1.0467e+01
3.0120e+00 1.0565e+01
7.8211e+00 6.8197e+00
5.3745e+00 9.0767e+00
9.2002e+00 9.2298e+00
6.1768e+00 2.9270e+00
5.7384e+00 2.5579e+00
9.8784e-01 5.2855e+00
9.6960e+00 9.7454e+00
4.5850e-01 4.6415e+00
2.4766e+00 8.1012e+00
8.9077e+00 7.0710e+00
2.3760e+00 4.0603e+00
1.9603e+00 4.3479e+00
8.8872e+00 3.6284e+00
6.3051e+00 8.1227e+00
6.8300e+00 3.2185e+00
6.7899e+00 5.3320e+00
3.2262e+00 6.5439e+00
8.9512e+00 8.4592e+00
8.8234e+00 8.0316e+00
1.8986e+00 7.9449e+00
2.7347e-01 1.0496e+01
5.0185e-01 6.7865e+00
3.9577e+00 1.8852e+00
7.3078e+00 6.2072e+00
3.9240e+00 6.0738e+00
4.3499e+00 1.2738e+00
5.7189e+00 7.8916e+00
4.5351e+00 4.7861e+00
8.8637e+00 4.7627e+00
2.0622e+00 8.2568e+00
2.0651e-01 4.3145e+00
5.5806e-01 1.0699e+01
8.1686e+00 6.9461e+00
3.5866e+00 1.8952e+00
9.3625e+00 9.5976e+00
3.7356e+00 3.6238e+00
8.0143e+00 5.3311e+00
5.7450e+00 9.4501e+00
3.9138e+00 8.6139e+00
1.4289e+00 4.6578e+00
8.6581e-01 1.0806e+01
8.0089e+00 8.2818e+00
6.8376e+00 2.7084e+00
3.2020e+00 1.9395e+00
4.5153e+00 9.6014e+00
6.9903e+00 6.9589e+00
9.6574e+00 6.8313e+00
4.3476e+00 2.4105e+00
9.4961e+00 9.0487e+00
8.4516e+00 6.1252e+00
8.3484e+00 2.3586e+00
2.6823e+00 6.8881e+00
7.0805e+00 6.4257e+00
4.0680e+00 4.5351e+00
8.5764e+00 3.8386e+00
6.5286e+00 3.0501e+00
7.3227e-01 4.4791e+00
5.1892e+00 8.8219e+00
7.5278e+00 1.6974e+00
2.3512e+00 8.5806e+00
2.9491e+00 8.2148e+00
1.7918e+00 5.4587e+00
9.4109e+00 3.5479e+00
5.9483e+00 6.6973e+00
1.0294e+00 7.0317e+00
8.3093e+00 9.9434e+00
3.4135e-01 4.9209e+00
6.9374e+00 2.0468e+00
2.5915e+00 2.6008e+00
2.5534e+00 4.5282e+00
9.2135e-01 9.9372e+00
1.1295e+00 9.6003e+00
6.3930e+00 5.3647e+00
8.9618e+00 2.3598e+00
5.2182e+00 4.3446e+00
4.5799e+00 6.4107e+00
5.7049e+00 4.5691e+00
6.1489e+00 4.6757e+00
8.6687e+00 9.3994e+00
3.1805e+00 1.0828e+01
7.0318e+00 8.9117e+00
7.5815e+00 2.5257e+00
1.7781e+00 3.4017e+00
7.2963e+00 5.4648e+00
1.0031e+00 4.0102e+00
5.9807e+00 1.6645e+00
3.8475e+00 4.0187e+00
5.1654e+00 6.2943e+00
9.1641e+00 6.2936e+00
6.7092e+00 1.0013e+01
7.2120e+00 8.1868e+00
1.6256e+00 6.3075e+00
8.6900e+00 1.6853e+00
5.7510e+00 8.1928e+00
6.9518e+00 3.4999e+00
7.0704e+00 4.4966e+00
5.6763e+00 4.1743e+00
1.5663e+00 1.6865e+00
4.2871e+00 6.8529e+00
3.5988e+00 1.0547e+01
2.7573e+00 5.6281e+00
4.6328e+00 3.8409e+00
5.4219e+00 1.1842e+00
8.8808e+00 3.0827e+00
4.2954e+00 8.3058e+00
9.5457e+00 3.9016e+00
3.2867e+00 5.0572e+00
7.5669e-01 3.2972e+00
9.6072e+00 7.8209e+00
4.8827e+00 4.1560e+00
8.8425e+00 2.6536e+00
1.5813e+00 7.4349e+00
7.9754e+00 7.6309e+00
5.6443e-01 3.8784e+00
3.6361e+00 2.8251e+00
3.1761e+00 9.3953e+00
4.7616e+00 3.1881e+00
3.4818e+00 3.4169e+00
7.8764e+00 1.6020e+00
1.2621e+00 1.0751e+01
6.1985e+00 3.4832e+00
5.5808e+00 1.0346e+01
1.8694e+00 5.7526e+00
4.8854e+00 5.2510e+00
6.0943e+00 1.0471e+01
5.2954e+00 9.4088e+00
7.1217e+00 3.0242e+00
3.8353e+00 1.5773e+00
2.1959e+00 5.8182e+00
3.9461e+00 9.0794e+00
4.9581e+00 7.1164e+00
4.8049e+00 7.5363e+00
4.8622e+00 8.5487e+00
5.3345e-01 2.3706e+00
5.9924e+00 5.6941e+00
5.7653e-01 3.5469e+00
7.8014e+00 5.6904e+00
8.4757e+00 7.1633e+00
6.6941e+00 7.3717e+00
4.3624e+00 2.9430e+00
1.2015e+00 3.0634e+00
2.2472e+00 3.2584e+00
3.6560e+00 5.4237e+00
5.7697e+00 3.1510e+00
3.5120e-01 6.3435e+00
9.7370e+00 2.0318e+00
8.7059e+00 9.9336e+00
9.1048e+00 5.1637e+00
6.6188e+00 8.7639e+00
6.5346e+00 4.4791e+00
4.0062e+00 9.8249e+00
6.3173e+00 4.9574e+00
9.0668e+00 6.7900e+00
3.6179e-01 2.9177e+00
5.0600e+00 2.0396e+00
3.4108e+00 7.1493e+00
4.9105e+00 1.0101e+01
9.3256e+00 1.0058e+01
3.6777e+00 4.4558e+00
3.9613e+00 7.9987e+00
7.9712e+00 6.4212e+00
1.8507e+00 1.0224e+01
3.1054e+00 5.5751e+00
6.4188e+00 9.7374e+00
1.0529e+00 6.3224e+00
6.5251e+00 2.2913e+00
7.6443e+00 3.6535e+00
9.7331e+00 2.6721e+00
5.0394e+00 9.7410e+00
4.1019e+00 1.0479e+01
3.5038e+00 1.4408e+00
8.5203e+00 8.2125e+00
1.0670e+00 1.6286e+00
1.3062e+00 8.9860e+00
3.7590e-01 8.9107e+00
4.0559e+00 5.4154e+00
7.6919e+00 1.0281e+01
1.4534e+00 2.5284e+00
2.7362e+00 7.9028e+00
6.3469e+00 1.7980e+00
6.0617e+00 9.8369e+00
4.4333e-01 9.8826e+00
3.0009e-01 7.3138e+00
1.7616e+00 4.1150e+00
3.8054e+00 7.2895e+00
9.0618e+00 1.4838e+00
4.4431e+00 5.1805e+00
7.6609e+00 5.2020e+00
6.2383e+00 7.1566e+00
3.1918e+00 7.4944e+00
1.6488e+00 9.0530e+00
2.4048e+00 1.6253e+00
9.4883e-01 1.3132e+00
5.6443e+00 6.1952e+00
3.1496e+00 1.4422e+00
3.9918e+00 5.0443e+00
5.3064e+00 5.8580e+00
2.0947e+00 7.4622e+00
1.2592e+00 1.9791e+00
2.2397e+00 1.2020e+00
8.0143e+00 2.1811e+00
6.7927e+00 4.7007e+00
7.5416e+00 7.6313e+00
5.3402e+00 2.9516e+00
1.9755e+00 1.7857e+00
2.6698e+00 8.5095e+00
7.2608e+00 9.5174e+00
9.2180e+00 7.2307e+00
4.3136e+00 9.9695e+00
8.7929e+00 1.0273e+01
9.5845e+00 1.3579e+00
5.2897e+00 6.8848e+00
9.1212e+00 1.7893e+00
6.1601e+00 1.0823e+01
3.5639e+00 9.5135e+00
2.0610e+00 9.5148e+00
8.5895e+00 1.0615e+01
3.1644e+00 8.9438e+00
8.8447e+00 5.9819e+00
8.4402e+00 4.2053e+00
9.2817e+00 8.2368e+00
9.5873e+00 3.1437e+00
8.0582e+00 4.2795e+00
3.3473e+00 2.4004e+00
1.7091e-01 7.6503e+00
7.3417e+00 3.8245e+00
2.3710e+00 7.7435e+00
6.0308e+00 6.3372e+00
7.5673e+00 1.0677e+01
5.0515e+00 5.5165e+00
1.6655e+00 8.5441e+00
5.0003e+00 7.7695e+00
7.1452e+00 9.9655e+00
2.3708e+00 1.9415e+00
8.8766e+00 9.6377e+00
2.3092e+00 1.0375e+01
2.6536e+00 8.9307e+00
6.7262e+00 1.4377e+00
7.1049e+00 5.0765e+00
3.9012e+00 1.1754e+00
2.0252e+00 1.0484e+01
2.9677e+00 8.6500e+00
2.9856e-01 9.3533e+00
7.4088e+00 6.8472e+00
8.4526e+00 3.2190e+00
7.1506e+00 4.1409e+00
7.3263e+00 3.3730e+00
2.2530e+00 2.7332e+00
8.0864e-01 5.6901e+00
5.9580e-01 5.4660e+00
3.8026e+00 2.5683e+00
5.8453e+00 3.4675e+00
8.0643e+00 3.9006e+00
2.2536e+00 7.0767e+00
2.4924e+00 3.7507e+00
6.3254e+00 6.4112e+00
6.7034e+00 3.8878e+00
9.5989e+00 5.7042e+00
9.4583e+00 1.6478e+00
2.5701e+00 7.2754e+00
9.1547e+00 1.0459e+01
8.6657e+00 8.9341e+00
8.5424e+00 6.8131e+00
2.2546e+00 4.7634e+00
9.4489e+00 4.9348e+00
9.1073e+00 2.8020e+00
4.5261e+00 1.0828e+01
6.2865e+00 1.4018e+00
1.9575e+00 8.9445e+00
2.9477e+00 2.8685e+00
9.1863e+00 7.7401e+00
7.4190e+00 2.2716e+00
3.9408e+00 6.5383e+00
7.5594e+00 8.9073e+00
8.8754e+00 7.3755e+00
7.3632e-01 1.6306e+00
2.6375e+00 1.0524e+01
3.2032e+00 3.6438e+00
5.9868e+00 7.4720e+00
2.8176e+00 4.9969e+00
3.7988e+00 3.2051e+00
1.4183e+00 3.6277e+00
6.2768e+00 9.2340e+00
3.6561e+00 8.9808e+00
2.2008e+00 2.3069e+00
5.3741e+00 2.1435e+00
4.5126e+00 8.9254e+00
3.1503e+00 7.8836e+00
2.5272e+00 6.2837e+00
5.3361e+00 1.0651e+01
1.4364e+00 9.7370e+00
6.1019e+00 8.6989e+00
6.2493e+00 1.0151e+01
7.2645e+00 5.8910e+00
5.5059e+00 8.5780e+00
1.4311e+00 8.2289e+00
9.2879e+00 2.5429e+00
1.3321e+00 7.6251e+00
8.3697e+00 1.6050e+00
5.1248e+00 3.5654e+00
7.6411e+00 6.2637e+00
4.5099e+00 5.6783e+00
4.5843e+00 4.4632e+00
4.8756e+00 2.3142e+00
4.9970e+00 1.2027e+00
1.2900e+00 1.0363e+01
8.6454e-01 7.9606e+00
7.1927e+00 2.6916e+00
4.5314e+00 3.5056e+00
8.4242e+00 7.9277e+00
5.8252e+00 5.4096e+00
2.7172e+00 6.5307e+00
7.6489e+00 9.2857e+00
8.5736e+00 8.5566e+00
8.8569e+00 6.2905e+00
3.4694e+00 7.6410e+00
8.2690e+00 6.3827e+00
2.4901e+00 9.6759e+00
5.3647e+00 4.8061e+00
9.3837e-01 2.0213e+00
7.6327e+00 1.2161e+00
5.6201e+00 5.8553e+00
1.6559e+00 3.0186e+00
7.5213e+00 9.6670e+00
4.4989e+00 7.3606e+00
2.4539e+00 9.2450e+00
7.9118e+00 1.0657e+01
6.2176e-01 8.6281e+00
8.5165e+00 1.1588e+00
1.3642e+00 5.3094e+00
3.1878e+00 4.3968e+00
3.4745e-01 5.8599e+00
2.8137e+00 9.7947e+00
2.8860e+00 4.0516e+00
1.9619e+00 5.0517e+00
1.4465e+00 6.5782e+00
9.6069e+00 7.1926e+00
8.1505e+00 8.7683e+00
4.6189e+00 1.0356e+01
5.8493e+00 8.5205e+00
6.0500e+00 9.4661e+00
8.3834e+00 5.6801e+00
7.1706e+00 7.8515e+00
1.1409e+00 2.6236e+00
9.1962e+00 4.2453e+00
4.2681e+00 4.1846e+00
6.5585e+00 1.0355e+01
4.1535e+00 9.4026e+00
4.8812e+00 2.8411e+00
6.2873e+00 6.7628e+00
4.9082e+00 6.7236e+00
8.2233e+00 4.9277e+00
5.1204e+00 1.5569e+00
2.6618e+00 2.9604e+00
4.6357e+00 6.9062e+00
2.9239e+00 3.3467e+00
8.0371e-01 9.3153e+00
3.5859e+00 9.8678e+00
9.6430e+00 8.7648e+00
3.5414e+00 8.5499e+00
5.7580e+00 9.7780e+00
4.1105e+00 5.7271e+00
6.3120e+00 5.8068e+00
8.0901e-01 7.4486e+00
1.7885e+00 7.0196e+00
7.2502e+00 1.8591e+00
9.5969e+00 5.4029e+00
3.5803e+00 6.3496e+00
5.4081e+00 9.7366e+00
4.0058e+00 2.8552e+00
8.9125e+00 9.1437e+00
8.2846e+00 2.6754e+00
5.3631e+00 3.9907e+00
6.5012e+00 6.0884e+00
1.2325e+00 5.5942e+00
4.9789e+00 1.0762e+01
1.8755e+00 6.6473e+00
5.7424e+00 4.9020e+00
7.7777e+00 4.7982e+00
5.4114e+00 7.5065e+00
6.5525e+00 7.8605e+00
9.6560e+00 6.1507e+00
9.6443e+00 7.5005e+00
2.3230e-01 3.8733e+00
1.3921e+00 7.0546e+00
4.7897e+00 9.1582e+00
5.3621e+00 5.3867e+00
6.9246e+00 9.6591e+00
2.2779e-01 2.0563e+00
2.1801e+00 3.6111e+00
1.0514e+00 4.6049e+00
1.8388e-01 2.3628e+00
7.4751e-01 8.2814e+00
8.1868e+00 7.3135e+00
1.6526e+00 9.3854e+00
7.5336e+00 2.9202e+00
3.6428e+00 5.0800e+00
7.7012e+00 8.3730e+00
8.0027e+00 9.1437e+00
2.5047e+00 5.3514e+00
2.7522e+00 1.6071e+00
2.2448e+00 9.8493e+00
1.8050e+00 1.3375e+00
5.0948e+00 8.3169e+00
6.4932e+00 1.0805e+01
1.1186e+00 7.3916e+00
7.0379e+00 1.0535e+01
7.2531e+00 1.5500e+00
1.8344e+00 1.0841e+01
5.6658e+00 1.9946e+00
5.6327e+00 6.5953e+00
6.8592e+00 6.1992e+00
8.2005e+00 3.5519e+00
8.8119e+00 1.2810e+00
6.6924e+00 9.2895e+00
9.1676e+00 8.9285e+00
3.2801e+00 1.0378e+01
8.4041e+00 9.2541e+00
4.4823e+00 5.9944e+00
1.9045e+00 2.5558e+00
9.2117e-01 2.8631e+00
6.7777e+00 6.5178e+00
6.7009e+00 8.1715e+00
7.9478e+00 1.3074e+00
1.1280e+00 2.2555e+00
7.8295e+00 2.6983e+00
4.5359e+00 1.7562e+00
2.8063e+00 9.2702e+00
1.9838e+00 6.3285e+00
1.1577e+00 5.9203e+00
2.3510e-01 5.5289e+00
9.3057e+00 8.5631e+00
5.7984e+00 8.8852e+00
1.3386e+00 4.2467e+00
4.0595e+00 3.5203e+00
2.6685e+00 1.2817e+00
9.2238e+00 4.7181e+00
7.2482e+00 7.1865e+00
9.2494e+00 2.1832e+00
1.5946e+00 1.0396e+01
8.6247e+00 4.5679e+00
3.6673e+00 4.7579e+00
9.4552e+00 4.4182e+00
8.6458e+00 7.7031e+00
4.8907e+00 8.8537e+00
6.1406e+00 2.5198e+00
6.3010e-01 1.0401e+01
8.9928e+00 5.5794e+00
3.3495e+00 3.9330e+00
4.9076e+00 5.9627e+00
6.1356e+00 2.0644e+00
7.4630e+00 4.7864e+00
2.9672e+00 5.8878e+00
3.4476e+00 6.8346e+00
5.9728e+00 4.0681e+00
1.7159e+00 2.2119e+00
4.6519e+00 2.5689e+00
2.0114e+00 3.9264e+00
4.3061e+00 7.7634e+00
4.2420e+00 6.3973e+00
8.1052e+00 5.8115e+00
2.2755e+00 1.0719e+01
5.4756e+00 3.2345e+00
6.9893e-01 5.0835e+00
8.2601e-01 9.6469e+00
9.2677e+00 1.1597e+00
6.9363e+00 2.3768e+00
3.2453e+00 9.8857e+00
8.8177e+00 2.0364e+00
6.4462e+00 3.7329e+00
9.4604e+00 1.0781e+01
2.8960e+00 2.2880e+00
6.7237e+00 5.0272e+00
5.8606e-01 2.0702e+00
1.3741e+00 1.2291e+00
9.1673e+00 3.8933e+00
5.4083e+00 2.4894e+00
3.3352e+00 3.0286e+00
5.6072e+00 1.5009e+00
9.6408e+00 1.0191e+01
6.7952e+00 1.0770e+01
7.3896e+00 8.6111e+00
2.8715e+00 7.5194e+00
5.4714e-01 7.6306e+00
4.6169e+00 2.0476e+00
3.8834e+00 6.9708e+00
3.0353e+00 5.2720e+00
2.3552e+00 6.6026e+00
8.2184e+00 1.0615e+01
5.7390e+00 3.8391e+00
4.8263e+00 9.4949e+00
7.1930e+00 1.1689e+00
1.6680e+00 4.8738e+00
8.0137e+00 3.0666e+00
7.0710e+00 8.5482e+00
1.6756e+00 9.9792e+00
6.9564e+00 5.5853e+00
3.8573e+00 7.6445e+00
4.9051e+00 4.8885e+00
4.7218e+00 8.2715e+00
9.6735e+00 4.1961e+00
3.8081e+00 2.2629e+00
8.4012e+00 5.2904e+00
9.7331e+00 8.2476e+00
3.1136e+00 6.9555e+00
7.6669e+00 1.9645e+00
7.6559e+00 3.3239e+00
2.6847e+00 1.0833e+01
8.8706e+00 4.2552e+00
5.8174e+00 1.0091e+01
8.0332e+00 9.8025e+00
6.3765e+00 7.5887e+00
1.9433e+00 3.1340e+00
7.9048e+00 9.4541e+00
2.2318e+00 5.4852e+00
2.9254e+00 6.2305e+00
7.6076e+00 4.2859e+00
6.4609e-01 6.4065e+00
6.8520e-01 7.1081e+00
5.1855e+00 1.0322e+01
2.2642e+00 4.4085e+00
6.8951e+00 7.7165e+00
4.6435e+00 7.8672e+00
6.0753e+00 6.0155e+00
6.4862e+00 3.3772e+00
7.3357e+00 1.0436e+01
9.7343e+00 3.4532e+00
3.9006e+00 1.0241e+01
1.5059e+00 5.7254e+00
4.6638e+00 1.3204e+00
9.5980e+00 9.3467e+00
3.6277e+00 5.9601e+00
5.1648e+00 2.7012e+00
5.4691e+00 3.6899e+00
9.4674e+00 6.5638e+00
8.2917e+00 4.6078e+00
4.9605e-01 1.2465e+00
1.8310e-01 9.6546e+00
6.5603e+00 1.1844e+00
3.2483e-01 3.3824e+00
5.7426e+00 1.0724e+01
6.0896e+00 5.2460e+00
2.8515e+00 4.6314e+00
4.2151e+00 2.0610e+00
4.1488e+00 1.0813e+01
8.2552e+00 8.4694e+00
4.2087e+00 3.2585e+00
9.7398e+00 2.3501e+00
1.2312e+00 5.0235e+00
6.6571e+00 1.7812e+00
9.6988e+00 5.1161e+00
2.5216e+00 5.9533e+00
6.4344e+00 8.4114e+00
3.6117e+00 7.9284e+00
7.7169e+00 7.8881e+00
8.3552e+00 7.5816e+00
8.7846e-01 6.6950e+00
2.6973e-01 5.2153e+00
4.2523e+00 8.7714e+00
9.7419e+00 4.5871e+00
6.6964e+00 4.2158e+00
1.5944e+00 7.9581e+00
2.0038e-01 8.6123e+00
7.1283e+00 9.2032e+00
1.1715e+00 8.7105e+00
6.1316e+00 7.8486e+00
7.4853e+00 6.5211e+00
8.5481e+00 2.8719e+00
9.0638e+00 3.3268e+00
7.8470e+00 6.0332e+00
8.0591e+00 7.9308e+00
8.7968e+00 6.6307e+00
9.2176e-01 3.6722e+00
2.8159e+00 3.6996e+00
1.1849e+00 3.4306e+00
5.0695e+00 3.8751e+00
6.6557e+00 6.9415e+00
1.0494e+00 8.2613e+00
8.3197e+00 1.0294e+01
2.9991e+00 1.1628e+00
2.5277e+00 3.4304e+00
5.9373e+00 1.3076e+00
3.7990e+00 8.2610e+00
6.2501e+00 4.3627e+00
4.9022e+00 4.4669e+00
3.3451e+00 8.2604e+00
6.1054e+00 3.7939e+00
1.7656e-01 1.2719e+00
8.5094e-01 2.4541e+00
9.1056e+00 1.0806e+01
5.2440e+00 5.0920e+00
8.9432e-01 8.9077e+00
1.4926e+00 3.9371e+00
7.0115e+00 3.7993e+00
2.9480e+00 7.2279e+00
5.4245e+00 8.2371e+00
5.6035e+00 5.2021e+00
5.8804e+00 7.0413e+00
6.4292e+00 2.7169e+00
1.1267e+00 9.2843e+00
3.4271e+00 9.2224e+00
1.6307e-01 1.0188e+01
9.2925e+00 5.3996e+00
3.0223e+00 1.0131e+01
4.1160e+00 3.8331e+00
6.9535e+00 5.9027e+00
2.2594e+00 5.1383e+00
9.1343e+00 9.7963e+00
1.7923e-01 1.0840e+01
1.8152e-01 6.9058e+00
2.1180e+00 9.2080e+00
6.9785e+00 1.6820e+00
5.9344e+00 9.1863e+00
3.4238e+00 5.6907e+00
5.0959e+00 7.4080e+00
4.1928e+00 1.6031e+00
1.2841e+00 7.9619e+00
1.9675e+00 8.5835e+00
1.0055e+00 1.0460e+01
8.6496e+00 2.4121e+00
1.0220e+00 7.6813e+00
5.8476e+00 2.2744e+00
6.6634e+00 5.7694e+00
7.0968e+00 1.0838e+01
3.0467e+00 2.5569e+00
5.8912e+00 2.8173e+00
9.4632e+00 2.8189e+00
2.1106e+00 1.4822e+00
7.8591e+00 8.6671e+00
5.7507e-01 2.6969e+00
5.3643e+00 7.1874e+00
3.7899e+00 1.0828e+01
5.0377e-01 4.2400e+00
7.4069e+00 1.0120e+01
8.0283e+00 1.0129e+01
2.5554e+00 2.1966e+00
4.4527e+00 9.2712e+00
1.7634e+00 3.7145e+00
7.7768e+00 4.0262e+00
3.3495e+00 1.1811e+00
5.3104e+00 6.5681e+00
1.7590e+00 6.0362e+00
6.1259e+00 8.3981e+00
3.4641e+00 4.2207e+00
5.3441e+00 1.8366e+00
8.5431e+00 3.5330e+00
2.3385e+00 8.9319e+00
7.1473e+00 7.5321e+00
5.0550e+00 3.2588e+00
3.3461e+00 4.6717e+00
6.8628e+00 1.0286e+01
4.5592e+00 8.5508e+00
4.8703e+00 1.7784e+00
4.7559e+00 9.8431e+00
4.8420e+00 6.2647e+00
8.5723e+00 4.9043e+00
1.2592e+00 9.9936e+00
5.9471e+00 4.3705e+00
1.3492e+00 6.1645e+00
6.3656e+00 8.9376e+00
1.8834e+00 9.7612e+00
5.4517e-01 9.5278e+00
9.7473e+00 1.0692e+01
8.6930e+00 5.7212e+00
6.7718e+00 8.4791e+00
4.1388e+00 7.1366e+00
2.2316e+00 6.1203e+00
8.8591e+00 3.9507e+00
8.5087e+00 9.6933e+00
1.6542e+00 4.3978e+00
1.5620e-01 7.9643e+00
1.6431e-01 6.0993e+00
9.3647e+00 6.9652e+00
1.8790e+00 4.6556e+00
1.7615e+00 8.2487e+00
3.3567e+00 2.7028e+00
1.4688e+00 3.3092e+00
7.8297e-01 4.7771e+00
3.8323e+00 9.3756e+00
4.2095e+00 4.8020e+00
1.1909e+00 6.7428e+00
7.8411e+00 4.4918e+00
4.5789e+00 4.1555e+00
7.3809e+00 4.4847e+00
3.3404e+00 5.3795e+00
8.0471e+00 2.4864e+00
2.5315e+00 4.8951e+00
1.6712e-01 2.6788e+00
1.6501e+00 5.1868e+00
5.5826e+00 6.9650e+00
3.4833e+00 1.0839e+01
5.0429e-01 7.9278e+00
7.5261e+00 8.1213e+00
9.2573e+00 3.0788e+00
6.8911e+00 1.1573e+00
1.5710e-01 4.6509e+00
1.8222e+00 7.6326e+00
1.5600e+00 1.0708e+01
4.8327e+00 3.4869e+00
9.7498e+00 6.4431e+00
3.8106e+00 5.7159e+00
7.9520e+00 3.3832e+00
8.2591e+00 1.3186e+00
8.5794e+00 6.4179e+00
1.6893e-01 6.5973e+00
2.6465e+00 4.2410e+00
3.0842e+00 4.8314e+00
7.4964e+00 5.6985e+00
1.4033e+00 2.8292e+00
8.0365e+00 1.8801e+00
6.4935e-01 3.0039e+00
1.5448e-01 3.1346e+00
5.0910e+00 9.1891e+00
4.9157e+00 1.0461e+01
9.1275e-01 8.5455e+00
5.4049e-01 9.1674e+00
9.4446e+00 1.9545e+00
1.9898e+00 2.0890e+00
8.7884e+00 1.0845e+01
4.3238e+00 1.0276e+01
8.9144e+00 8.7611e+00
6.6146e-01 1.0098e+01
6.0647e+00 3.2114e+00
