1.2673e+00 2.3497e+00
1.2907e+00 1.1942e+00
8.1330e-01 1.3452e+00
9.9350e-01 1.4620e+00
2.3688e-01 3.6502e+00
3.7038e-01 1.8207e+00
9.2629e-01 2.2801e+00
9.9660e-01 1.7521e+00
1.2292e+00 1.8215e+00
1.9328e+00 2.1544e+00
7.0078e-01 3.1173e+00
6.9806e-01 3.8870e+00
1.4609e+00 1.5949e+00
1.0561e+00 3.0837e+00
1.7341e+00 1.3051e+00
1.8076e-01 1.2593e+00
1.6495e+00 1.5559e+00
1.6097e+00 1.6956e+00
1.3982e+00 3.8913e+00
8.2826e-02 2.1155e+00
9.0161e-01 3.2029e+00
2.7366e-01 1.1322e+00
7.1847e-01 3.6547e+00
1.5431e+00 2.7676e+00
5.6961e-01 1.6995e+00
1.7337e+00 3.2243e+00
1.5656e+00 3.5974e+00
9.9690e-01 2.6787e+00
1.1999e+00 1.3143e+00
1.4105e+00 2.0769e+00
1.2492e+00 3.6039e+00
4.1673e-01 2.9048e+00
5.3941e-02 1.9232e+00
1.1230e+00 3.2353e+00
1.8399e+00 2.3379e+00
1.9278e-01 2.5844e+00
4.4257e-01 3.2398e+00
1.8572e+00 3.4497e+00
1.2595e+00 2.1677e+00
1.6724e+00 3.6320e+00
1.8502e+00 2.6812e+00
1.5590e+00 2.0862e+00
1.2358e+00 2.8379e+00
9.6721e-01 2.5629e+00
6.2404e-02 2.6698e+00
1.6151e+00 1.1834e+00
1.4291e+00 1.7070e+00
7.3611e-01 1.1541e+00
7.8923e-01 2.2558e+00
4.7476e-01 1.9122e+00
6.8126e-01 3.3814e+00
1.2792e+00 3.1994e+00
1.7555e-01 2.4429e+00
6.7335e-01 2.8008e+00
5.3022e-01 3.2883e+00
4.8438e-01 2.1940e+00
5.0538e-01 3.0535e+00
1.7722e+00 3.3399e+00
5.8921e-01 3.1755e+00
4.8941e-01 2.4715e+00
4.7121e-01 1.3839e+00
4.4880e-01 1.0746e+00
4.7962e-01 2.7535e+00
1.2012e+00 3.0586e+00
9.6299e-01 1.1843e+00
4.2962e-01 3.9387e+00
1.4731e+00 1.4946e+00
1.0345e+00 2.2997e+00
1.3642e+00 3.6413e+00
1.2385e+00 1.0724e+00
1.2540e+00 1.5430e+00
1.3877e+00 2.4718e+00
6.1947e-01 3.5514e+00
3.2236e-01 1.5224e+00
1.4225e+00 1.2786e+00
7.1357e-01 2.4500e+00
1.4404e+00 2.7338e+00
4.1843e-01 1.2760e+00
4.6096e-01 3.7824e+00
1.5997e+00 3.0698e+00
1.3059e+00 3.3626e+00
8.5201e-01 1.5817e+00
1.6219e+00 3.8429e+00
1.8273e+00 2.5727e+00
1.4584e+00 3.7999e+00
8.8993e-01 3.0501e+00
5.8883e-01 2.2535e+00
5.4792e-01 3.7185e+00
1.8382e+00 1.1398e+00
9.7499e-01 2.0932e+00
1.2787e+00 1.4049e+00
1.9380e+00 1.4064e+00
1.3156e+00 3.4824e+00
2.9042e-01 3.4514e+00
1.3708e+00 2.6060e+00
2.4943e-01 2.2025e+00
3.6516e-01 2.7812e+00
7.1494e-01 3.7601e+00
7.1383e-01 2.1343e+00
1.7833e+00 1.9311e+00
1.0691e+00 3.3927e+00
1.7550e+00 2.7748e+00
1.1217e+00 3.8389e+00
5.0206e-01 2.0481e+00
1.2384e+00 2.7304e+00
7.3334e-01 1.4367e+00
9.4631e-02 3.6410e+00
1.4415e+00 2.2486e+00
5.6410e-01 2.5459e+00
1.4962e+00 3.4263e+00
1.2111e+00 2.5166e+00
1.1675e-01 3.0975e+00
1.2825e+00 3.8536e+00
1.7329e+00 2.2024e+00
8.8481e-01 1.1173e+00
3.6061e-01 1.6661e+00
1.0566e+00 1.1113e+00
1.7050e-01 3.8246e+00
1.1471e+00 1.4505e+00
5.6072e-01 1.2062e+00
7.2087e-01 1.5397e+00
3.6859e-01 3.0079e+00
8.4082e-01 3.7116e+00
1.0844e+00 2.9682e+00
1.6498e+00 2.7005e+00
7.3034e-01 2.7121e+00
6.3692e-02 2.8349e+00
5.9090e-01 1.9090e+00
1.8754e+00 3.9469e+00
1.2236e+00 2.6162e+00
1.4733e+00 2.5833e+00
5.8130e-01 1.3490e+00
8.6008e-01 3.4017e+00
1.3067e+00 1.9581e+00
7.8191e-01 2.0305e+00
4.7883e-01 1.7675e+00
1.4893e+00 2.4100e+00
1.6780e+00 1.9730e+00
2.6832e-01 3.2634e+00
7.8064e-01 1.6699e+00
1.1716e-01 1.5318e+00
1.5286e+00 1.8905e+00
1.5340e+00 2.3089e+00
1.1253e+00 1.6931e+00
3.4550e-01 1.4087e+00
4.4919e-01 3.3681e+00
8.9312e-01 2.8977e+00
1.5491e-01 1.6455e+00
1.9203e+00 2.8165e+00
1.7499e+00 3.8812e+00
1.8678e+00 3.6782e+00
1.7747e+00 2.9471e+00
6.1743e-01 1.5956e+00
1.6258e+00 2.1954e+00
1.1122e+00 1.9455e+00
2.5231e-01 1.8336e+00
9.0986e-01 3.8775e+00
7.5591e-02 2.3354e+00
1.0848e+00 2.7634e+00
1.0063e+00 1.2962e+00
1.8834e+00 1.7951e+00
1.8462e+00 3.0321e+00
1.7098e+00 1.4331e+00
1.5335e+00 1.3137e+00
3.7815e-01 2.1518e+00
1.4351e+00 3.3420e+00
1.7467e+00 1.7570e+00
1.2044e-01 1.8206e+00
1.8532e+00 3.8057e+00
1.0611e+00 2.4354e+00
1.4354e+00 3.2362e+00
1.1623e+00 2.2689e+00
1.9476e-01 3.3395e+00
1.4555e+00 2.9468e+00
6.2749e-01 1.4911e+00
5.0455e-01 3.5692e+00
9.8069e-01 2.8239e+00
1.0634e+00 2.0370e+00
1.6969e+00 2.5947e+00
1.7258e-01 3.5666e+00
9.1354e-01 1.8419e+00
1.9258e+00 1.6692e+00
1.3019e+00 3.0699e+00
9.7557e-02 1.4263e+00
2.8631e-01 2.5219e+00
1.6128e+00 2.8793e+00
1.4731e+00 3.5508e+00
1.3682e+00 1.8496e+00
7.2963e-01 1.9367e+00
2.5590e-01 2.8081e+00
7.0272e-02 3.5181e+00
1.2269e-01 3.2176e+00
1.4032e+00 1.0851e+00
1.2870e+00 1.7096e+00
2.6862e-01 1.9980e+00
7.0975e-01 3.2567e+00
1.5179e-01 1.9598e+00
1.4031e+00 3.1194e+00
1.4051e-01 3.0004e+00
1.0156e+00 3.8709e+00
8.9392e-01 2.4242e+00
1.5515e+00 3.7047e+00
1.9310e-01 2.0707e+00
7.4582e-01 2.3496e+00
1.0214e+00 1.5922e+00
1.5238e+00 3.1566e+00
1.5230e+00 3.2866e+00
1.6277e+00 1.8288e+00
8.0155e-01 3.8947e+00
1.7677e+00 1.6521e+00
4.9176e-01 1.5364e+00
1.1218e+00 3.5644e+00
1.9469e+00 2.4183e+00
6.5147e-02 1.0594e+00
8.7195e-01 2.6443e+00
8.8183e-01 3.6176e+00
1.9491e+00 1.0514e+00
6.5991e-01 1.2545e+00
1.9405e+00 3.8552e+00
3.0142e-01 2.9224e+00
4.4043e-01 3.6558e+00
1.8534e+00 1.5413e+00
9.2798e-01 3.5141e+00
1.8252e+00 2.4494e+00
1.1498e+00 1.5612e+00
3.3275e-01 2.6577e+00
1.5253e+00 1.0669e+00
8.9506e-01 1.9865e+00
1.4383e+00 1.3819e+00
1.3433e+00 2.8238e+00
1.9298e+00 3.1609e+00
1.6254e+00 2.3623e+00
1.6430e+00 3.3072e+00
6.0122e-01 1.1083e+00
1.3927e+00 2.3444e+00
5.0620e-01 2.3295e+00
2.5811e-01 1.6034e+00
3.6373e-01 2.4120e+00
6.7471e-01 3.0126e+00
6.8427e-01 2.5769e+00
5.3444e-01 3.8586e+00
1.3418e+00 2.2317e+00
7.3035e-01 1.0541e+00
8.7167e-01 1.7115e+00
6.8736e-01 1.8144e+00
8.2219e-01 3.1366e+00
8.2451e-01 3.2731e+00
5.0805e-02 1.7303e+00
5.2684e-01 2.6524e+00
2.1093e-01 1.4701e+00
1.0606e+00 1.8489e+00
7.4281e-01 3.4920e+00
1.8093e+00 1.2372e+00
3.5942e-01 3.5331e+00
1.1917e+00 2.0390e+00
2.4776e-01 3.1640e+00
6.1151e-01 2.4332e+00
1.0149e+00 3.6466e+00
2.8790e-01 3.8478e+00
1.1071e+00 3.7131e+00
5.9609e-01 2.1026e+00
9.0972e-02 3.9378e+00
8.2488e-01 2.5289e+00
8.1066e-01 1.8190e+00
9.0033e-01 2.7504e+00
2.8504e-01 1.2977e+00
3.6348e-01 1.1852e+00
1.8316e+00 1.3561e+00
1.0882e+00 1.3634e+00
1.3056e+00 2.0587e+00
1.6584e+00 2.4609e+00
7.8845e-01 2.8316e+00
1.1323e+00 1.2274e+00
2.1833e-01 3.9460e+00
1.3640e-01 2.2145e+00
1.7325e+00 2.3540e+00
6.3566e-02 3.7616e+00
1.0349e+00 2.1936e+00
1.9193e+00 1.9141e+00
3.5036e-01 2.3089e+00
1.1162e+00 3.9404e+00
7.3997e-02 3.3954e+00
8.7766e-01 1.4445e+00
1.1199e+00 2.1358e+00
1.6858e+00 3.4106e+00
1.9291e+00 2.5575e+00
1.8408e+00 3.5574e+00
6.4537e-02 1.2560e+00
1.4214e+00 1.9715e+00
1.2937e+00 3.7122e+00
1.8945e+00 3.3327e+00
1.2163e+00 3.9473e+00
1.9347e+00 2.9694e+00
1.7015e+00 2.0927e+00
9.7958e-01 3.7509e+00
1.9371e+00 1.2576e+00
8.0582e-01 2.9620e+00
1.7600e+00 3.7165e+00
1.7260e+00 3.0378e+00
1.5004e+00 1.1854e+00
7.1356e-02 2.5540e+00
1.1712e+00 3.3932e+00
2.2959e-01 1.7207e+00
1.5726e+00 2.5677e+00
1.5344e-01 1.1177e+00
1.6048e-01 3.4654e+00
1.3419e+00 1.6201e+00
1.6399e+00 1.0670e+00
5.8676e-01 2.9198e+00
2.5172e-01 3.0245e+00
8.2422e-01 1.2087e+00
3.5038e-01 3.3424e+00
1.3127e+00 2.9236e+00
6.4141e-01 2.0024e+00
1.5846e+00 3.9459e+00
8.7013e-01 2.1051e+00
1.6173e+00 3.4959e+00
1.8426e+00 3.2391e+00
1.5346e+00 1.7649e+00
2.1578e-01 2.2989e+00
3.8768e-01 2.5712e+00
1.8154e+00 2.0800e+00
1.5697e-01 2.7168e+00
5.6215e-01 3.3955e+00
1.1123e+00 2.5602e+00
6.7923e-01 1.6979e+00
1.4876e-01 2.9007e+00
1.2144e+00 3.5047e+00
1.7409e+00 1.1161e+00
1.1433e+00 2.3765e+00
1.9450e+00 3.5877e+00
1.4940e+00 3.0562e+00
1.5722e+00 1.9856e+00
1.9445e+00 2.0167e+00
3.7122e-01 1.9298e+00
3.3522e-01 3.7101e+00
6.1217e-01 3.9490e+00
5.9501e-02 2.4358e+00
1.0178e+00 3.2710e+00
9.8244e-01 2.9812e+00
4.0446e-01 3.1284e+00
1.7765e+00 3.1246e+00
1.0339e+00 3.4965e+00
9.6146e-01 3.3537e+00
3.8011e-01 2.0428e+00
1.1784e+00 2.9228e+00
1.8724e-01 1.3615e+00
1.5986e-01 3.7210e+00
1.5969e+00 1.3967e+00
1.6600e+00 3.7351e+00
1.3029e+00 1.2964e+00
7.0854e-01 2.9036e+00
1.6265e+00 3.1796e+00
1.9445e+00 2.2955e+00
1.8303e+00 2.2378e+00
1.2048e+00 3.2960e+00
1.7336e+00 3.5084e+00
1.0984e+00 2.6609e+00
5.7578e-01 1.8019e+00
6.0359e-01 2.7290e+00
3.5120e-01 1.0512e+00
9.9828e-01 1.9283e+00
1.3752e+00 1.4716e+00
1.2048e+00 3.7652e+00
1.5618e+00 2.9755e+00
6.1886e-01 3.8049e+00
5.3389e-02 1.6174e+00
1.0856e+00 2.8681e+00
4.7035e-01 1.6643e+00
1.4616e+00 2.8394e+00
9.1701e-01 1.3484e+00
5.0855e-01 2.8538e+00
4.5483e-01 3.4692e+00
1.9468e+00 1.1554e+00
1.3352e+00 2.6999e+00
1.8199e+00 2.8537e+00
1.9487e+00 3.7549e+00
1.4516e+00 3.6917e+00
1.6312e+00 1.2914e+00
1.4763e+00 2.1540e+00
5.4661e-02 3.2949e+00
1.9499e+00 1.5147e+00
5.1346e-02 2.9381e+00
1.2864e+00 2.4488e+00
9.9940e-01 3.1701e+00
3.2948e-01 3.9399e+00
1.9460e+00 2.7192e+00
1.4990e+00 3.8914e+00
2.6322e-01 2.3915e+00
1.5263e+00 2.6686e+00
1.7496e+00 1.5389e+00
9.6821e-01 1.0565e+00
2.8620e-01 2.1091e+00
1.1364e+00 1.0506e+00
1.2125e+00 1.9243e+00
1.2139e+00 1.6398e+00
6.8899e-01 2.2568e+00
1.5614e+00 1.6056e+00
4.6331e-01 1.1754e+00
1.1870e+00 3.1577e+00
1.7121e+00 2.8662e+00
7.7420e-01 2.6208e+00
