8.4287e+00 4.0995e+00
1.7871e+00 7.0408e+00
9.0023e+00 4.0151e+00
6.8068e+00 3.7247e+00
5.4256e-01 9.8429e+00
3.6547e+00 4.5755e+00
4.7067e+00 1.0015e+01
1.0837e+00 8.1388e+00
2.8709e+00 4.5505e+00
8.7906e+00 1.5901e+00
6.2427e+00 7.2403e+00
7.9612e+00 2.9624e+00
8.5549e+00 8.0858e+00
6.0546e+00 1.4496e+00
9.1160e+00 2.8265e+00
9.9484e-01 3.8223e+00
1.5908e+00 2.8921e+00
7.8809e+00 3.8095e+00
2.5959e+00 9.2941e+00
7.6213e+00 9.6923e+00
7.0048e+00 3.2305e+00
7.7509e+00 9.5319e+00
3.5681e+00 5.9205e+00
3.2875e+00 1.4127e+00
1.7336e-01 4.2080e+00
5.7434e+00 7.4192e+00
6.5878e+00 6.7767e+00
1.9144e+00 1.0783e+01
5.5046e+00 2.5625e+00
8.0746e+00 5.9281e+00
6.4919e+00 1.3693e+00
2.7183e+00 7.3781e+00
2.5627e+00 6.4268e+00
7.9365e-01 7.4831e+00
6.6876e+00 4.4658e+00
5.5358e+00 6.2452e+00
6.9008e+00 5.2074e+00
3.0343e-01 9.7967e+00
8.6406e+00 2.8776e+00
6.4356e-01 6.7357e+00
8.1011e+00 2.1754e+00
1.7065e+00 8.9985e+00
3.4560e+00 9.5330e+00
2.8025e+00 1.7404e+00
5.7644e+00 6.6193e+00
8.2321e+00 1.2301e+00
2.6268e+00 8.8388e+00
3.6155e+00 4.0745e+00
1.7104e+00 4.4545e+00
9.0538e+00 3.1827e+00
3.2298e+00 5.2931e+00
4.8591e+00 1.0763e+01
7.7347e-01 8.5639e+00
7.0140e+00 5.6444e+00
4.4371e+00 9.0586e+00
7.1505e+00 5.8644e+00
7.2470e+00 9.3607e+00
8.0743e+00 6.8527e+00
1.0560e+00 4.8590e+00
6.8815e+00 4.7003e+00
7.3446e+00 8.2886e+00
3.8517e+00 8.4613e+00
5.4585e+00 1.8398e+00
9.3134e+00 3.9354e+00
5.9291e+00 1.2648e+00
2.5456e-01 3.8826e+00
9.3012e+00 9.9909e+00
3.4617e-01 7.0602e+00
4.0560e+00 1.4847e+00
1.5394e+00 1.0750e+01
3.6547e+00 1.1901e+00
8.6736e+00 1.2180e+00
5.3367e+00 7.9388e+00
5.8641e+00 1.9631e+00
9.2148e+00 3.0313e+00
1.7622e+00 6.2236e+00
6.9801e+00 5.4223e+00
8.0433e+00 8.3481e+00
4.6037e+00 6.0869e+00
6.8460e+00 7.5003e+00
7.9781e+00 9.8774e+00
8.0936e+00 6.3922e+00
4.6945e+00 2.7229e+00
1.2642e+00 5.8349e+00
2.1979e+00 4.8552e+00
3.2020e+00 3.1819e+00
2.2954e+00 2.3651e+00
2.1586e+00 5.4148e+00
5.8786e+00 1.0343e+01
3.9633e+00 6.3094e+00
1.0620e+00 9.2915e+00
3.8645e+00 1.9766e+00
7.4996e+00 3.3901e+00
9.3198e+00 5.6129e+00
8.8468e+00 3.5233e+00
8.5800e+00 4.4706e+00
6.6908e+00 9.2772e+00
7.3609e+00 2.0774e+00
6.8262e-01 4.7615e+00
2.4383e+00 3.9769e+00
1.3908e+00 1.0258e+01
6.5582e+00 9.5693e+00
2.0365e+00 8.0322e+00
7.1055e+00 1.6393e+00
4.6357e-01 7.3535e+00
3.8425e+00 4.0748e+00
5.1068e+00 5.5829e+00
1.0662e+00 2.8802e+00
5.9722e+00 5.8021e+00
6.8378e+00 8.0078e+00
6.8972e+00 2.7637e+00
4.7556e+00 1.5623e+00
9.9710e-01 1.0278e+01
6.1417e+00 5.6429e+00
4.2031e+00 8.8854e+00
7.2650e-01 4.5103e+00
8.0057e+00 1.0285e+01
7.2826e-01 1.5885e+00
4.1251e+00 5.4290e+00
5.7264e+00 8.2093e+00
9.0884e+00 8.2613e+00
2.9549e-01 2.7123e+00
6.4566e+00 7.1974e+00
6.3514e+00 2.1048e+00
8.1136e+00 3.3915e+00
1.9659e+00 7.3458e+00
9.2165e+00 6.2253e+00
3.8459e+00 4.4736e+00
5.1349e+00 4.3053e+00
5.3080e+00 2.2666e+00
2.7513e+00 1.0382e+01
9.4379e-01 1.0731e+01
3.5445e+00 5.1321e+00
7.1759e-01 9.1147e+00
7.0541e+00 4.0853e+00
7.9942e+00 9.4511e+00
4.3136e+00 6.3911e+00
1.8377e+00 4.0467e+00
8.5895e+00 7.1227e+00
5.2028e+00 4.6100e+00
1.8811e+00 5.4557e+00
4.0722e+00 9.1785e+00
8.8795e+00 6.3125e+00
3.3001e+00 5.6277e+00
7.8518e+00 4.9262e+00
7.1381e+00 1.0320e+01
3.3883e+00 3.3898e+00
5.0515e+00 3.9398e+00
8.5529e+00 5.0813e+00
7.3046e+00 1.7539e+00
8.9011e+00 7.5047e+00
4.5597e+00 1.1526e+00
5.4291e+00 9.9018e+00
2.6672e+00 7.0611e+00
6.5292e+00 2.6403e+00
3.5012e+00 3.8617e+00
6.3237e+00 7.6887e+00
5.5282e-01 8.0268e+00
4.4375e+00 2.7503e+00
4.4871e+00 6.9190e+00
1.7685e+00 3.5793e+00
6.3739e+00 2.3050e+00
2.9417e+00 8.2930e+00
1.1656e+00 7.4488e+00
8.9892e+00 7.3023e+00
7.2291e+00 5.3965e+00
5.3946e+00 8.5324e+00
4.3301e+00 9.5617e+00
6.9299e+00 1.0351e+01
7.7474e+00 5.1553e+00
5.9640e+00 3.9125e+00
2.9025e+00 2.3020e+00
3.7981e+00 1.5366e+00
5.8511e+00 1.0787e+01
4.8921e+00 5.8786e+00
7.5939e+00 9.9184e+00
1.5105e+00 2.6194e+00
6.6238e-01 5.3920e+00
2.0369e+00 6.5724e+00
4.9255e+00 6.7189e+00
1.4795e+00 6.0883e+00
2.1777e+00 1.5808e+00
6.2669e+00 6.6433e+00
2.4653e+00 4.7124e+00
8.1573e-01 1.8786e+00
7.3987e+00 5.8885e+00
6.1949e+00 1.0396e+01
3.5890e+00 6.5172e+00
1.3396e+00 7.2423e+00
3.5759e+00 1.4269e+00
6.0950e+00 9.8246e+00
2.3449e+00 1.9378e+00
6.4485e+00 6.0614e+00
9.3238e+00 1.6926e+00
7.4852e-01 5.1717e+00
4.4120e+00 3.4069e+00
2.7901e+00 6.8912e+00
5.3278e+00 6.1091e+00
6.7525e+00 1.3959e+00
6.6442e+00 1.9531e+00
5.1665e+00 5.9798e+00
6.1702e+00 9.4483e+00
8.4169e+00 1.3581e+00
3.5180e+00 8.6540e+00
7.0404e+00 8.4736e+00
2.7227e+00 5.7283e+00
4.1128e+00 2.6380e+00
6.4100e+00 9.0509e+00
3.7123e+00 9.0266e+00
4.8989e+00 1.1049e+00
7.5061e+00 4.0574e+00
8.8427e+00 1.0743e+01
6.9408e+00 8.8893e+00
6.6984e+00 1.0654e+01
2.0267e+00 3.1512e+00
1.0589e+00 4.6333e+00
7.2533e-01 2.5728e+00
2.1573e+00 1.0035e+01
5.3535e+00 6.9140e+00
4.3317e+00 2.5738e+00
3.2419e+00 1.0616e+01
3.2335e+00 5.0552e+00
7.6879e+00 5.8761e+00
4.1307e+00 8.2623e+00
8.8367e+00 4.2142e+00
5.6378e+00 4.9389e+00
6.1824e+00 5.3597e+00
5.7887e+00 8.9003e+00
6.5866e+00 5.5849e+00
2.0483e+00 4.3740e+00
8.1378e+00 2.5520e+00
5.6968e+00 8.5799e+00
4.8648e+00 2.8356e+00
4.5723e+00 4.1741e+00
2.4770e+00 6.6800e+00
2.1468e+00 6.2242e+00
8.4669e+00 1.8223e+00
5.6167e+00 9.6165e+00
5.9465e+00 2.9924e+00
8.3688e+00 6.4752e+00
8.0694e+00 4.2365e+00
2.1719e+00 7.8032e+00
4.3921e+00 8.7941e+00
6.3731e+00 1.0003e+01
4.9431e+00 3.3400e+00
5.2954e+00 1.3427e+00
5.2180e+00 4.9939e+00
5.7820e+00 6.1781e+00
7.6028e+00 6.8746e+00
1.6227e+00 9.8002e+00
4.0925e+00 1.7499e+00
5.3320e+00 1.0333e+01
4.8401e+00 7.5981e+00
3.1414e+00 3.7680e+00
5.2253e+00 6.2944e+00
3.9520e+00 1.0126e+01
7.9755e-01 3.4587e+00
2.4869e+00 7.4499e+00
1.4946e+00 8.3372e+00
4.9278e-01 1.0601e+01
2.7347e+00 5.4077e+00
8.3497e+00 8.6804e+00
6.7358e+00 4.2489e+00
2.6871e+00 1.1745e+00
1.5981e+00 6.8385e+00
6.0424e+00 7.9710e+00
1.8835e+00 5.0764e+00
1.6109e+00 8.1013e+00
8.6619e+00 7.3936e+00
8.6576e+00 3.7322e+00
7.9095e+00 1.9133e+00
5.8217e+00 4.7339e+00
7.1899e+00 2.7549e+00
2.3687e+00 2.7441e+00
1.6679e+00 1.0434e+01
1.2317e+00 3.1166e+00
1.0269e-01 1.8798e+00
7.0025e+00 1.9516e+00
5.5808e+00 4.3708e+00
1.5496e+00 7.1732e+00
3.0211e+00 1.5707e+00
4.8398e-01 1.9347e+00
7.1242e+00 8.0588e+00
9.3960e+00 4.4197e+00
5.3220e+00 4.1344e+00
6.1524e+00 6.8159e+00
8.4183e+00 1.1238e+00
6.7831e+00 1.7643e+00
9.2364e+00 3.7050e+00
3.2722e+00 1.0261e+01
7.5544e-01 9.3545e+00
6.8559e+00 3.0750e+00
1.8787e+00 9.7230e+00
6.4870e+00 4.5222e+00
5.9999e+00 2.3337e+00
1.3084e+00 8.4156e+00
3.1457e+00 1.9258e+00
8.8253e+00 9.2458e+00
8.8943e+00 1.3762e+00
6.9781e+00 6.3284e+00
2.8804e+00 4.2430e+00
4.8514e+00 9.6425e+00
2.7633e+00 7.8182e+00
8.3353e+00 2.3285e+00
7.6497e+00 3.7337e+00
3.6814e+00 3.0182e+00
8.4830e+00 3.0392e+00
4.4253e-01 8.3551e+00
2.8372e+00 6.3536e+00
4.4106e+00 2.3563e+00
2.2650e+00 4.0836e+00
8.0341e+00 7.2617e+00
3.5165e-01 8.9585e+00
5.7845e+00 7.6952e+00
7.6903e+00 1.0102e+01
4.7666e-01 2.2978e+00
4.2880e+00 3.9772e+00
2.5674e+00 8.4222e+00
6.4737e+00 9.3684e+00
6.4487e+00 6.3527e+00
9.4848e-01 9.8418e+00
4.6405e+00 4.4792e+00
9.3998e+00 3.4020e+00
9.0131e+00 7.0028e+00
5.7612e+00 5.2541e+00
2.6019e+00 1.0819e+01
8.5177e+00 1.0474e+01
4.7212e-01 2.9622e+00
2.3416e+00 1.3351e+00
3.8255e+00 7.2485e+00
6.1082e+00 7.6976e+00
2.7348e+00 9.4715e+00
1.5229e+00 3.2381e+00
1.2599e+00 9.7763e+00
1.1840e+00 3.6409e+00
6.3208e+00 3.4009e+00
5.6663e+00 3.5582e+00
8.9335e+00 7.7826e+00
1.7636e+00 5.9937e+00
3.8164e+00 5.8887e+00
4.0076e+00 1.0793e+01
1.2663e+00 5.2813e+00
5.5203e+00 5.8280e+00
4.7115e+00 7.2301e+00
2.9806e+00 7.6438e+00
9.0343e+00 8.0065e+00
1.2720e+00 6.8979e+00
4.9513e+00 5.2822e+00
4.1994e+00 1.0225e+01
4.2980e+00 5.9139e+00
6.0667e+00 6.5935e+00
6.4832e+00 4.8394e+00
1.2470e+00 8.7351e+00
5.8904e+00 2.7556e+00
8.6543e+00 7.7173e+00
2.0511e+00 5.7123e+00
6.1500e+00 2.8645e+00
5.9896e+00 8.6150e+00
8.2378e+00 7.4539e+00
8.9138e+00 9.9638e+00
8.4324e-01 8.9147e+00
3.1883e+00 8.4970e+00
8.6688e+00 3.3055e+00
6.5225e-01 3.6164e+00
5.1676e+00 9.9609e+00
5.0078e+00 8.4106e+00
7.3835e+00 4.8205e+00
2.4108e+00 4.2264e+00
1.1166e-01 5.7186e+00
6.9565e+00 1.0797e+01
3.1268e+00 4.7952e+00
2.9857e+00 6.7200e+00
5.1148e-01 3.3794e+00
3.6396e+00 4.8306e+00
8.2251e+00 2.8763e+00
1.3420e+00 7.8050e+00
3.1405e+00 2.4942e+00
8.7497e+00 9.7681e+00
7.0303e+00 2.2953e+00
6.5053e+00 8.1138e+00
9.0005e+00 2.2806e+00
3.5143e+00 5.5068e+00
1.4146e+00 1.0588e+01
6.5144e+00 1.0379e+01
1.1954e+00 2.6153e+00
2.5937e-01 3.5665e+00
4.5237e+00 4.7492e+00
5.0042e+00 8.1207e+00
4.4250e+00 4.3392e+00
7.7123e+00 3.3866e+00
1.2215e+00 6.6748e+00
1.8144e+00 3.3268e+00
7.1657e+00 8.8667e+00
8.7442e+00 1.0365e+01
8.6244e+00 2.3579e+00
6.7870e+00 6.9873e+00
9.0167e+00 2.0343e+00
1.6507e+00 4.9383e+00
6.5725e+00 7.6582e+00
4.3197e+00 8.4146e+00
2.9959e+00 1.1327e+00
1.3043e+00 4.1604e+00
4.6389e+00 7.4234e+00
4.6417e+00 5.0613e+00
7.7809e+00 6.4271e+00
8.0180e+00 4.4972e+00
2.9264e+00 8.5583e+00
7.7071e+00 4.6408e+00
7.8407e+00 7.0379e+00
1.5241e+00 2.0714e+00
5.7700e+00 7.1560e+00
5.0602e+00 3.1621e+00
5.1543e+00 1.0851e+01
5.8376e+00 3.6659e+00
7.7066e+00 1.5502e+00
3.3108e+00 9.2861e+00
5.2653e+00 7.3386e+00
1.2085e+00 1.6283e+00
3.9705e-01 1.3297e+00
3.1556e+00 2.7346e+00
6.1537e+00 3.8111e+00
1.1216e+00 9.5601e+00
8.6383e+00 4.8662e+00
3.8911e+00 3.8210e+00
8.3435e+00 5.3734e+00
8.9842e+00 1.0591e+01
5.0812e+00 9.5320e+00
7.5736e+00 9.4067e+00
1.3401e-01 9.0654e+00
2.0386e+00 1.0558e+01
9.2340e+00 9.6006e+00
2.9249e+00 1.0123e+01
7.2444e+00 3.9000e+00
5.5957e+00 5.4136e+00
7.7708e+00 8.4787e+00
9.1187e-01 6.4188e+00
3.1878e-01 8.1891e+00
1.8576e+00 4.6303e+00
6.8158e+00 5.5572e+00
6.5872e+00 2.9120e+00
4.7572e+00 3.4230e+00
3.2827e+00 7.4539e+00
3.9099e+00 8.1704e+00
7.1301e+00 4.8113e+00
5.4385e+00 3.9067e+00
5.9643e+00 2.5535e+00
6.2541e+00 4.3494e+00
2.0909e+00 2.8003e+00
4.9994e+00 5.0715e+00
8.4418e+00 8.2663e+00
8.2206e+00 4.9304e+00
4.2694e+00 1.0475e+01
8.8173e+00 9.5740e+00
5.3432e+00 5.6208e+00
5.5527e+00 2.2467e+00
8.5258e+00 8.9062e+00
1.6688e+00 1.1882e+00
8.4279e+00 5.9187e+00
4.6153e+00 5.6267e+00
8.0927e-01 4.1538e+00
5.1764e+00 6.5691e+00
7.9070e+00 2.7561e+00
3.4001e+00 9.7969e+00
8.1536e+00 3.1179e+00
4.0428e+00 7.8284e+00
1.6211e-01 8.5136e+00
2.5386e+00 2.0088e+00
2.5323e+00 1.5745e+00
2.9193e+00 8.9811e+00
2.4448e+00 1.0646e+01
4.2012e+00 7.5852e+00
4.4853e+00 3.8296e+00
4.4674e+00 1.8956e+00
6.2930e+00 8.0078e+00
8.8430e-01 2.2870e+00
5.1811e-01 4.0646e+00
5.4772e+00 6.7026e+00
4.5921e+00 3.1323e+00
6.0347e+00 7.0706e+00
6.2894e+00 9.6168e+00
6.7204e+00 9.7161e+00
9.2692e+00 6.7460e+00
3.8701e+00 3.5060e+00
4.5130e+00 5.9063e+00
4.3003e+00 5.2714e+00
7.0790e+00 7.7363e+00
5.1297e+00 7.0616e+00
1.7585e+00 3.8342e+00
7.1250e+00 1.1259e+00
7.0594e+00 4.6050e+00
2.3316e+00 1.0262e+01
3.3424e+00 2.0466e+00
1.4161e-01 2.0943e+00
3.3783e+00 3.6565e+00
8.5841e+00 1.0897e+01
1.7460e+00 7.8906e+00
3.2811e+00 8.7866e+00
1.3278e+00 1.4010e+00
7.5950e+00 7.7541e+00
6.8231e+00 2.1238e+00
2.4824e+00 6.2249e+00
6.9667e+00 5.9775e+00
8.9024e+00 6.6038e+00
5.2345e+00 9.2873e+00
6.0466e+00 4.5188e+00
5.7483e+00 9.9045e+00
8.6906e+00 1.0580e+01
8.0612e+00 6.6007e+00
1.6158e+00 8.7953e+00
1.2561e+00 3.8835e+00
6.6326e+00 7.8545e+00
5.2972e+00 5.8186e+00
1.4202e+00 1.6526e+00
5.1894e+00 8.4992e+00
4.3818e+00 3.1451e+00
9.1002e+00 1.0359e+01
5.9615e-01 1.2617e+00
5.4480e+00 7.1382e+00
3.6212e+00 6.8168e+00
1.1387e+00 9.9440e+00
9.3977e+00 7.6420e+00
4.3255e-01 9.2776e+00
8.1123e+00 5.3724e+00
4.6781e+00 8.8420e+00
7.0534e-01 3.2052e+00
1.3586e+00 6.5138e+00
1.4188e+00 3.0057e+00
6.3729e-01 7.2041e+00
7.7258e+00 5.5841e+00
4.1168e+00 4.7298e+00
2.2622e+00 9.7255e+00
3.8124e+00 5.6300e+00
7.5812e+00 2.4367e+00
9.4203e-01 1.3424e+00
5.4241e+00 1.0771e+01
3.8631e+00 2.8886e+00
7.2655e+00 6.9471e+00
5.8506e+00 1.6852e+00
8.7461e+00 7.9489e+00
3.8082e+00 9.3869e+00
4.4652e+00 1.0592e+01
5.7813e+00 1.0110e+01
4.5682e+00 9.4475e+00
3.1681e+00 9.6661e+00
5.0193e+00 3.6477e+00
5.6330e+00 4.5738e+00
2.2625e+00 7.5471e+00
6.8497e+00 4.9449e+00
5.7738e+00 2.3608e+00
4.9361e+00 4.4836e+00
2.9618e+00 5.8900e+00
3.7353e+00 5.2740e+00
7.2791e+00 3.2895e+00
6.7444e+00 5.9729e+00
7.2131e+00 4.2736e+00
2.1726e+00 1.0758e+01
3.2454e+00 6.4970e+00
6.2511e+00 3.0721e+00
1.7789e+00 1.0191e+01
2.0312e+00 3.9379e+00
1.7175e+00 9.3105e+00
9.2436e+00 4.1798e+00
7.1598e+00 3.6061e+00
6.8201e+00 6.5120e+00
5.5421e+00 1.0372e+01
7.5961e-01 3.8668e+00
3.7801e+00 1.0850e+01
9.1441e+00 4.8220e+00
3.7752e+00 6.1294e+00
8.8031e-01 8.2258e+00
4.8929e+00 1.7898e+00
7.8947e+00 2.2725e+00
2.3220e+00 3.3798e+00
3.1464e+00 4.0729e+00
6.2848e+00 1.1170e+00
8.5474e+00 5.6765e+00
6.9466e+00 9.1157e+00
9.1438e+00 9.2045e+00
8.9525e+00 5.8733e+00
6.2144e+00 8.9829e+00
5.2149e+00 3.3222e+00
2.4954e+00 6.9142e+00
3.0304e+00 5.6291e+00
3.0194e+00 7.2565e+00
8.1805e-01 5.6160e+00
7.8119e+00 2.4683e+00
4.4283e+00 7.7381e+00
8.6510e-01 6.1825e+00
6.5406e+00 1.6877e+00
7.9695e+00 7.8947e+00
8.6729e-01 1.0097e+01
4.9214e+00 9.1211e+00
3.1578e+00 3.4530e+00
4.0534e+00 7.0052e+00
9.0354e-01 6.9028e+00
9.0645e+00 8.5505e+00
2.0114e+00 7.0156e+00
9.7669e-01 3.1810e+00
7.7149e+00 1.0597e+01
2.1833e+00 1.1075e+00
7.4440e+00 2.5910e+00
6.8137e+00 4.0476e+00
4.8133e-01 6.4797e+00
7.8848e+00 3.2494e+00
6.8415e+00 7.7906e+00
1.7014e+00 7.3521e+00
7.9942e+00 4.7470e+00
4.7650e+00 4.0529e+00
1.0406e+00 5.1146e+00
4.6236e+00 1.0793e+01
9.1890e+00 2.3528e+00
6.3437e+00 5.7402e+00
2.7762e+00 2.6590e+00
5.4655e+00 9.0385e+00
6.0996e+00 1.6817e+00
4.0776e+00 8.0502e+00
5.1385e+00 6.8582e+00
3.2286e+00 4.3098e+00
1.6099e+00 4.7212e+00
9.2671e+00 5.0274e+00
8.6639e-01 7.9561e+00
8.7052e+00 5.5254e+00
1.9608e+00 1.8334e+00
2.5289e+00 1.0226e+01
6.4250e+00 4.1241e+00
7.5900e+00 8.0669e+00
7.0950e+00 6.8003e+00
2.3876e+00 5.3273e+00
5.0637e+00 2.2183e+00
7.4879e+00 5.5545e+00
1.0568e+00 8.3663e+00
2.6746e+00 2.1914e+00
7.6011e+00 1.9191e+00
4.8703e+00 4.2848e+00
8.3242e+00 9.0069e+00
7.6920e+00 1.0339e+01
3.4480e+00 1.0525e+01
7.5318e+00 6.4208e+00
9.2348e+00 8.0500e+00
2.5829e-01 3.3211e+00
2.6129e+00 4.5747e+00
3.9543e+00 3.1445e+00
1.4010e+00 9.4484e+00
8.1390e+00 3.7086e+00
8.2532e+00 1.0471e+01
7.9740e+00 4.0424e+00
9.2881e+00 8.7771e+00
8.5619e+00 3.9409e+00
2.0700e+00 8.6856e+00
7.3503e+00 1.0687e+01
1.7708e+00 2.4605e+00
7.9619e+00 1.6255e+00
2.2659e+00 5.6294e+00
5.6660e+00 9.1054e+00
6.3458e+00 1.0579e+01
9.3111e+00 6.9448e+00
1.0304e-01 4.4588e+00
6.5935e+00 2.1628e+00
4.8834e-01 1.0230e+01
2.5493e+00 2.8438e+00
1.3483e+00 4.9181e+00
2.5271e+00 7.7216e+00
3.0966e+00 2.9576e+00
8.2435e+00 7.0862e+00
1.0777e+00 3.3851e+00
8.2595e+00 5.1773e+00
1.6643e-01 4.8320e+00
9.6010e-01 6.6576e+00
3.7125e+00 8.0943e+00
2.2491e+00 6.0461e+00
2.8034e+00 4.9749e+00
5.3470e+00 2.7587e+00
6.6685e+00 2.4859e+00
6.1505e+00 5.0529e+00
6.0064e+00 6.0721e+00
5.0060e-01 4.9524e+00
3.8408e+00 6.8376e+00
3.6935e+00 7.5531e+00
1.2801e+00 2.0313e+00
7.0844e+00 1.0558e+01
1.0915e+00 1.8529e+00
2.3632e+00 8.3206e+00
9.2477e+00 7.4108e+00
5.3942e+00 7.7268e+00
2.4967e+00 9.5500e+00
2.9296e+00 1.9814e+00
4.2492e+00 4.1966e+00
3.4434e+00 1.0840e+01
2.4561e+00 8.0676e+00
7.3536e+00 1.3322e+00
5.9369e-01 4.3244e+00
2.2691e+00 5.8381e+00
3.7858e+00 1.0329e+01
7.1368e+00 2.1168e+00
4.3969e+00 9.9847e+00
8.3507e+00 7.8909e+00
3.0813e+00 1.0873e+01
5.5594e+00 3.2464e+00
2.7376e+00 1.0620e+01
1.9906e+00 2.5981e+00
6.9599e+00 2.5415e+00
8.0743e+00 8.9149e+00
6.6998e+00 8.4907e+00
1.7066e-01 1.0880e+01
3.3946e+00 2.6375e+00
5.2337e+00 1.0536e+01
8.9676e+00 3.7514e+00
1.6454e+00 4.1725e+00
7.8620e+00 7.6758e+00
2.8510e+00 1.3285e+00
4.8157e+00 5.4910e+00
7.2250e+00 9.9607e+00
7.8342e+00 5.3604e+00
8.9262e+00 8.9935e+00
1.4058e+00 4.5997e+00
2.5308e-01 1.0203e+01
8.7680e+00 3.9364e+00
1.0091e+00 8.6612e+00
4.0120e+00 7.4872e+00
1.9732e+00 8.8681e+00
4.1434e+00 9.8753e+00
2.1260e+00 8.4460e+00
5.1037e+00 2.4321e+00
3.5717e+00 1.0047e+01
4.4036e+00 4.5888e+00
1.5311e+00 7.9022e+00
2.5525e-01 1.0612e+01
5.7170e+00 7.9247e+00
7.9876e+00 9.1704e+00
4.2472e-01 5.1731e+00
1.5253e+00 7.4486e+00
5.6486e+00 6.8365e+00
2.5154e+00 3.1593e+00
4.5335e+00 1.4390e+00
4.6807e+00 2.3353e+00
3.3714e+00 7.6947e+00
6.0865e+00 3.3941e+00
3.5717e+00 2.0999e+00
5.0379e+00 1.5851e+00
4.4257e+00 5.4555e+00
3.8388e+00 8.7921e+00
4.5504e+00 3.6097e+00
6.6921e+00 8.7798e+00
5.6898e+00 2.8133e+00
8.1546e+00 1.7205e+00
6.3026e+00 2.6222e+00
5.8591e+00 4.3645e+00
9.1193e+00 6.0028e+00
4.1668e+00 6.1864e+00
8.9404e+00 6.8112e+00
4.6222e+00 6.7373e+00
8.9981e+00 4.6033e+00
8.2988e+00 2.0750e+00
7.3892e+00 7.5909e+00
5.7409e+00 3.9556e+00
8.4734e-01 4.9020e+00
7.3680e+00 5.2409e+00
2.4213e+00 1.1005e+00
2.2207e+00 2.9640e+00
7.5951e+00 8.7839e+00
3.8408e-01 5.8453e+00
9.7376e-01 4.2882e+00
6.3339e+00 8.5415e+00
9.0841e+00 1.5271e+00
8.7337e+00 6.9358e+00
6.9478e+00 7.1407e+00
2.1478e+00 4.5958e+00
6.0074e+00 1.0558e+01
2.2824e+00 9.2546e+00
7.9752e+00 1.0633e+01
7.6680e+00 4.2481e+00
1.2649e+00 1.0870e+01
8.3437e+00 7.2786e+00
2.8540e+00 3.1651e+00
5.5305e+00 6.4793e+00
8.0390e+00 7.5118e+00
6.5107e+00 3.3134e+00
6.0294e+00 8.8430e+00
4.1227e+00 2.9039e+00
2.5749e+00 5.1951e+00
8.5403e+00 9.4374e+00
1.6735e+00 8.5889e+00
6.9928e-01 6.9863e+00
7.5249e+00 6.1637e+00
2.3026e+00 7.2043e+00
7.8735e+00 6.0036e+00
4.3318e-01 6.1783e+00
6.6373e+00 5.3222e+00
2.0922e+00 6.7843e+00
3.6244e+00 3.4874e+00
7.6135e+00 6.6692e+00
5.2969e+00 3.7228e+00
9.0102e+00 9.7865e+00
1.1082e+00 5.4355e+00
1.0295e+00 5.9533e+00
4.3382e+00 4.8331e+00
3.0125e+00 1.0402e+01
5.5704e+00 8.0793e+00
2.3357e+00 1.0472e+01
9.3441e+00 2.6876e+00
5.3091e+00 1.6429e+00
5.3055e+00 9.5683e+00
9.1771e+00 7.1992e+00
6.0313e+00 8.1774e+00
4.8306e+00 7.0382e+00
8.3873e+00 1.6155e+00
4.7227e+00 1.0478e+01
6.5997e+00 7.4343e+00
4.1446e+00 6.5778e+00
1.9573e+00 9.9909e+00
1.0711e+00 7.9366e+00
1.7160e+00 5.7369e+00
2.4381e+00 2.5326e+00
8.8188e+00 2.5060e+00
9.1743e+00 6.5164e+00
7.2340e+00 6.3634e+00
5.4391e+00 8.2586e+00
8.4164e+00 1.0253e+01
3.7318e+00 2.2413e+00
7.3208e+00 7.7975e+00
3.8944e+00 4.8644e+00
1.6785e+00 5.1715e+00
8.5235e+00 4.6982e+00
7.5141e+00 2.8767e+00
3.5225e-01 4.5268e+00
9.2669e+00 1.0704e+01
1.5220e+00 3.7441e+00
4.6119e+00 9.6454e+00
4.5212e+00 1.0350e+01
4.0286e+00 5.9591e+00
2.3886e-01 6.3741e+00
7.9393e+00 5.5663e+00
8.2892e+00 9.3260e+00
3.0133e+00 7.9534e+00
6.5485e-01 1.0063e+01
9.1557e+00 2.5973e+00
9.3974e+00 1.3174e+00
1.8151e+00 3.0426e+00
4.5115e+00 6.3409e+00
9.1718e+00 4.4483e+00
9.3558e+00 1.0309e+01
7.6762e+00 1.2641e+00
2.3084e+00 3.1787e+00
5.3265e-01 8.6277e+00
4.8112e+00 6.3366e+00
8.5264e+00 9.8974e+00
2.8636e+00 9.8647e+00
7.4315e+00 3.7470e+00
7.1389e+00 2.9528e+00
8.0628e-01 2.0975e+00
6.5546e+00 3.7242e+00
6.3261e+00 6.9271e+00
9.2072e-01 7.2651e+00
2.9915e+00 6.9436e+00
8.2417e+00 1.0694e+01
1.4332e+00 9.1375e+00
3.4847e+00 7.4992e+00
2.0571e+00 9.3842e+00
3.6777e+00 2.7424e+00
4.0416e+00 4.1548e+00
4.7019e+00 9.0493e+00
8.4346e+00 7.6478e+00
1.4379e-01 7.6109e+00
1.3602e-01 1.0449e+01
9.3880e+00 4.8430e+00
5.0287e+00 1.0434e+01
1.0143e+00 7.6071e+00
3.8088e+00 9.9561e+00
1.5055e+00 5.7904e+00
1.0774e+00 4.0871e+00
4.2074e+00 7.3499e+00
3.4904e+00 8.4425e+00
3.7441e-01 6.7023e+00
4.7160e+00 8.1733e+00
3.2041e+00 6.1970e+00
1.4354e+00 4.3707e+00
1.0126e-01 9.5916e+00
1.8106e+00 6.7697e+00
8.4558e+00 3.3869e+00
9.3822e+00 5.3771e+00
8.8089e+00 2.1355e+00
4.6104e+00 7.8388e+00
4.1162e+00 3.5240e+00
4.2772e+00 1.6699e+00
1.8198e-01 1.2363e+00
2.7599e-01 7.8750e+00
4.9207e+00 4.8828e+00
8.6579e+00 6.5318e+00
6.4216e+00 5.4076e+00
7.2291e+00 9.6060e+00
2.3888e+00 4.9895e+00
8.2157e+00 8.0428e+00
1.7044e+00 1.6892e+00
2.0788e-01 7.3470e+00
9.2348e+00 1.9934e+00
2.3892e+00 8.8437e+00
8.4956e+00 9.2155e+00
8.2237e-01 9.6435e+00
1.6821e+00 1.9374e+00
9.1002e+00 5.1972e+00
5.0744e+00 1.2199e+00
5.1075e+00 1.9307e+00
1.5140e+00 9.6281e+00
5.0937e+00 2.6365e+00
4.3366e+00 2.0846e+00
5.0566e+00 8.7514e+00
2.2513e+00 3.5805e+00
1.4643e+00 1.1091e+00
5.8672e+00 6.9064e+00
8.6823e+00 8.6723e+00
3.2195e+00 9.0602e+00
7.4779e+00 7.1761e+00
1.3667e+00 2.7922e+00
1.4694e+00 8.5884e+00
4.0499e+00 5.7328e+00
8.6666e+00 6.1216e+00
9.3957e+00 9.4357e+00
7.6699e+00 1.0867e+01
2.0201e+00 3.3964e+00
1.0161e+00 9.0252e+00
3.5525e+00 1.7446e+00
5.7171e+00 1.0634e+01
7.0468e-01 7.7224e+00
8.4713e+00 9.6665e+00
1.6678e+00 6.5383e+00
7.8778e+00 1.3223e+00
2.8178e+00 9.2140e+00
4.1108e+00 9.6233e+00
5.9185e+00 5.0591e+00
6.4477e+00 5.0766e+00
4.9792e+00 7.3592e+00
2.6647e+00 8.1211e+00
8.3123e+00 6.1102e+00
1.9240e+00 4.8330e+00
1.0915e+00 7.1052e+00
5.1192e-01 7.7890e+00
6.9541e+00 1.0051e+01
2.3614e-01 6.0988e+00
4.2298e+00 6.8508e+00
4.3589e-01 5.5946e+00
4.3691e+00 9.3437e+00
8.6099e+00 1.0094e+01
4.0736e+00 2.3438e+00
6.3407e+00 7.4454e+00
3.6045e+00 9.6934e+00
5.1846e-01 2.5198e+00
6.1963e+00 6.3111e+00
1.4590e+00 9.9395e+00
2.5197e+00 3.6419e+00
1.5215e+00 7.6757e+00
6.9875e+00 4.2861e+00
2.2011e-01 1.6631e+00
2.0600e+00 2.3626e+00
8.4204e+00 3.7539e+00
2.6938e+00 1.0008e+01
4.6186e+00 2.0861e+00
7.3793e+00 6.5755e+00
3.8713e+00 1.0630e+01
7.1582e+00 6.1311e+00
2.1754e+00 2.0937e+00
3.1890e+00 6.7294e+00
8.1624e+00 5.7138e+00
3.3536e+00 1.1447e+00
3.3609e+00 1.6701e+00
4.5330e+00 8.3532e+00
8.2177e+00 8.4957e+00
7.9869e+00 1.1132e+00
2.9873e+00 1.0638e+01
8.8379e+00 8.3820e+00
8.3362e+00 4.3789e+00
7.9896e+00 8.6228e+00
6.6537e-01 8.8188e+00
1.1892e+00 1.0479e+01
9.3515e+00 8.4803e+00
8.8264e-01 5.3553e+00
1.6390e+00 5.5058e+00
1.4721e-01 2.3292e+00
6.2756e+00 5.9476e+00
2.8822e+00 4.0217e+00
6.4728e+00 9.8173e+00
1.7888e+00 2.2590e+00
6.8722e+00 1.1373e+00
1.1691e-01 8.1625e+00
8.8266e+00 5.1599e+00
5.3484e+00 3.1443e+00
2.9535e+00 9.5249e+00
7.0131e+00 6.5841e+00
8.3178e+00 3.5393e+00
7.2781e-01 6.0223e+00
7.5888e+00 7.5107e+00
4.7992e+00 1.0267e+01
3.5460e+00 3.1686e+00
8.9551e+00 4.9578e+00
2.9654e+00 5.1274e+00
4.0590e+00 2.0805e+00
9.2819e+00 1.1014e+00
5.7329e+00 5.9238e+00
2.2047e+00 5.1512e+00
2.4219e+00 9.1028e+00
2.4843e+00 5.5162e+00
1.2202e+00 1.1007e+00
3.2328e+00 8.2092e+00
7.2716e+00 7.3292e+00
6.6488e+00 3.4816e+00
6.7214e+00 9.0384e+00
7.6128e+00 2.2046e+00
8.5619e+00 2.0448e+00
5.1361e+00 7.4951e+00
2.5682e-01 9.4093e+00
6.1287e+00 4.7472e+00
7.3074e+00 8.4899e+00
5.3952e+00 8.8344e+00
2.8081e+00 6.1340e+00
2.4464e+00 9.8286e+00
4.7414e+00 8.5696e+00
5.2198e+00 8.1985e+00
7.8335e+00 8.9584e+00
9.3914e+00 7.2172e+00
2.3070e-01 2.9339e+00
3.6982e+00 4.2985e+00
1.2867e+00 8.9819e+00
2.2909e+00 8.6631e+00
1.8733e+00 1.5260e+00
4.8757e+00 2.0821e+00
6.9788e+00 9.3386e+00
2.4962e+00 8.6326e+00
7.6447e+00 9.0391e+00
8.1542e+00 9.7253e+00
2.6332e+00 4.8694e+00
5.9390e+00 9.4572e+00
1.1373e+00 6.2813e+00
6.3263e+00 4.6795e+00
6.6427e+00 4.6932e+00
6.0613e+00 4.2034e+00
5.5235e+00 1.3075e+00
8.1009e+00 1.4409e+00
5.5259e+00 7.3918e+00
8.9925e+00 9.4341e+00
1.2875e+00 8.1192e+00
7.3413e-01 1.0465e+01
8.4111e+00 2.5269e+00
5.3066e+00 1.1153e+00
9.0952e+00 3.4536e+00
4.8518e+00 2.5319e+00
8.2801e+00 1.0057e+01
7.4107e+00 9.0732e+00
7.3039e+00 2.3328e+00
4.2262e+00 4.4541e+00
7.9194e+00 5.7788e+00
6.7224e+00 6.2384e+00
5.2199e+00 5.4055e+00
2.7799e+00 3.5167e+00
8.0242e+00 5.1413e+00
6.4008e+00 1.8638e+00
5.8678e+00 8.4421e+00
1.0783e+00 2.1300e+00
7.9169e+00 3.5374e+00
2.0828e+00 1.0249e+01
1.7985e+00 8.1832e+00
4.3075e+00 1.0761e+01
6.0418e+00 1.0884e+01
7.1660e-01 1.0885e+01
3.4998e+00 6.1174e+00
7.8840e+00 6.2233e+00
1.9318e+00 7.7438e+00
6.2035e+00 8.3326e+00
9.2970e-01 2.6240e+00
8.7807e+00 3.1051e+00
4.6262e+00 5.3262e+00
3.1019e+00 1.3373e+00
7.3879e+00 4.4284e+00
7.7454e+00 8.2526e+00
6.8909e+00 8.6189e+00
7.0216e+00 7.3694e+00
7.0361e+00 9.6804e+00
6.3488e-01 5.7515e+00
8.9231e+00 8.7728e+00
1.9005e+00 9.5211e+00
7.7890e+00 4.4422e+00
5.6669e+00 3.0450e+00
1.9544e+00 9.1131e+00
6.2088e+00 1.0765e+01
9.3180e+00 6.0417e+00
4.3323e+00 7.1832e+00
1.3854e+00 6.2980e+00
2.7950e+00 2.9603e+00
6.8719e-01 2.8459e+00
3.8346e+00 7.0458e+00
6.0419e+00 1.0082e+01
6.8812e+00 9.5199e+00
3.7827e+00 7.7515e+00
5.1920e+00 8.9058e+00
4.5148e+00 1.6689e+00
7.3738e+00 1.0322e+01
3.8186e+00 2.4500e+00
2.4587e+00 5.7150e+00
7.5762e+00 5.0449e+00
7.7579e+00 9.2938e+00
8.7351e+00 5.9047e+00
8.5552e+00 5.3168e+00
8.6600e+00 2.6582e+00
9.0313e+00 1.0130e+01
8.8356e+00 4.4269e+00
5.5908e+00 5.6351e+00
4.3584e+00 7.9278e+00
2.8577e+00 8.7632e+00
8.1676e+00 1.0885e+01
3.4586e+00 7.1898e+00
6.1777e+00 8.6980e+00
1.4795e+00 3.5444e+00
5.3689e+00 3.4619e+00
3.4340e+00 2.3755e+00
6.2991e+00 3.9617e+00
5.0469e+00 2.9365e+00
6.4750e+00 3.0901e+00
4.9959e+00 9.8496e+00
7.1224e+00 1.3605e+00
1.7782e+00 2.7780e+00
6.7630e+00 8.2573e+00
6.4603e+00 1.0797e+01
6.1882e+00 9.2180e+00
8.0511e-01 1.1531e+00
1.9549e+00 5.8986e+00
8.6173e+00 8.3770e+00
4.0686e+00 5.2183e+00
4.0365e+00 8.6703e+00
5.8519e+00 3.2477e+00
4.3387e+00 1.2287e+00
8.6929e+00 9.0185e+00
4.8278e+00 6.1035e+00
5.3721e+00 4.4596e+00
1.9846e+00 1.2425e+00
4.8639e+00 7.8011e+00
2.6756e+00 4.0586e+00
8.3206e+00 9.8562e+00
7.4498e+00 1.1164e+00
8.3338e+00 6.8412e+00
7.5270e+00 1.0471e+01
5.4212e+00 4.6612e+00
8.6159e+00 6.3338e+00
3.9214e+00 9.7861e+00
5.3205e+00 1.0125e+01
6.5651e+00 5.8007e+00
4.3482e+00 5.0575e+00
9.0099e+00 5.6814e+00
3.0883e+00 2.1274e+00
8.8020e+00 1.8355e+00
6.8101e+00 3.3269e+00
7.4891e+00 1.5654e+00
4.0834e+00 3.7357e+00
4.7773e-01 3.8527e+00
3.8127e+00 6.5064e+00
5.9283e+00 9.7072e+00
7.3145e+00 3.0520e+00
5.4359e+00 5.0884e+00
1.5210e-01 6.6468e+00
4.1778e+00 3.2392e+00
3.3031e+00 3.9167e+00
6.6676e+00 5.0551e+00
4.3236e+00 9.7739e+00
4.0964e-01 4.7200e+00
3.3939e+00 4.6509e+00
2.6022e+00 4.3352e+00
6.3129e+00 1.0229e+01
9.1692e+00 1.3445e+00
3.9914e+00 1.1442e+00
6.6766e+00 9.9808e+00
5.0748e+00 5.7938e+00
9.0444e+00 4.2276e+00
4.3121e+00 3.6638e+00
7.6166e+00 5.3260e+00
1.5278e+00 1.4571e+00
7.3805e+00 8.0546e+00
4.0459e+00 1.0428e+01
4.4670e-01 1.0823e+01
1.2298e-01 8.8428e+00
2.0141e+00 3.7198e+00
9.1955e+00 7.6530e+00
6.5784e-01 8.2003e+00
7.8735e+00 6.8126e+00
4.7421e+00 4.6612e+00
3.1346e+00 4.5361e+00
4.4644e-01 1.6941e+00
4.3127e+00 8.1280e+00
3.1541e+00 5.8347e+00
3.0733e+00 9.8896e+00
7.5709e+00 8.4936e+00
2.9543e-01 2.5005e+00
1.8130e+00 1.0589e+01
9.1521e+00 1.0885e+01
1.5806e+00 3.9456e+00
4.8475e+00 3.1236e+00
6.0247e+00 7.4015e+00
8.2913e+00 4.7137e+00
4.7046e+00 1.2973e+00
7.8101e+00 7.3260e+00
4.0290e+00 7.2477e+00
1.2800e+00 2.2426e+00
8.5840e+00 1.5640e+00
3.3426e+00 8.0016e+00
2.5491e+00 5.9957e+00
8.4849e+00 6.6498e+00
6.1117e+00 2.1283e+00
5.0320e+00 1.0211e+01
3.3360e+00 1.0003e+01
3.7190e-01 4.2802e+00
3.4054e+00 6.7643e+00
5.9805e+00 5.2841e+00
6.2707e+00 1.5242e+00
2.0480e-01 5.4993e+00
3.6149e+00 9.3238e+00
2.3921e+00 4.4989e+00
5.8918e+00 3.4709e+00
3.4659e+00 2.8293e+00
5.5249e+00 1.5349e+00
5.5720e+00 4.0731e+00
3.7891e+00 5.0770e+00
5.1009e+00 7.7461e+00
5.7916e+00 9.2851e+00
3.0252e+00 9.2422e+00
5.9707e+00 9.0350e+00
2.2048e+00 8.9357e+00
2.6411e+00 2.4715e+00
5.4349e+00 9.3597e+00
7.3944e+00 8.7664e+00
4.5306e+00 1.0141e+01
8.8689e+00 2.8860e+00
7.4213e+00 6.7799e+00
7.1567e+00 5.1753e+00
9.1962e+00 8.9608e+00
3.6056e+00 7.9227e+00
4.7594e-01 9.6129e+00
5.6449e+00 2.0544e+00
9.9519e-01 1.5476e+00
1.0273e-01 6.8979e+00
7.6821e+00 3.1528e+00
3.8517e-01 5.3816e+00
6.6146e+00 6.4850e+00
5.7802e+00 6.3972e+00
2.2713e-01 9.9881e+00
2.6961e+00 3.2897e+00
3.6401e+00 1.0686e+01
3.3563e+00 3.0189e+00
6.3456e+00 3.7374e+00
8.1408e-01 3.0187e+00
8.7610e+00 8.1737e+00
8.3141e+00 3.9352e+00
3.4750e-01 1.0383e+01
5.8253e+00 4.1607e+00
9.3797e+00 6.4786e+00
2.3004e+00 6.5514e+00
7.7333e+00 3.9850e+00
7.9332e+00 8.1361e+00
5.3893e+00 4.8594e+00
1.4936e+00 2.3951e+00
2.8488e+00 3.8147e+00
7.8908e+00 9.6889e+00
8.8031e+00 4.6754e+00
6.4383e+00 8.3290e+00
3.3072e+00 6.0198e+00
3.7305e+00 3.3064e+00
1.9068e+00 8.4385e+00
9.6592e-01 3.5887e+00
2.0994e+00 9.6019e+00
5.9287e+00 5.5142e+00
8.4325e+00 8.4685e+00
1.2659e+00 6.1167e+00
6.7145e+00 1.0217e+01
2.8638e+00 8.0954e+00
1.1785e+00 4.4175e+00
1.4200e+00 5.1380e+00
2.7659e+00 7.5979e+00
1.3270e+00 5.6328e+00
9.3754e-01 9.4630e+00
5.7447e-01 7.5641e+00
3.4405e+00 9.0339e+00
2.3321e+00 1.0899e+01
4.6499e-01 1.1099e+00
8.8130e+00 7.1352e+00
2.0612e+00 8.2414e+00
3.5834e+00 8.8441e+00
7.4070e+00 1.0078e+01
4.6767e+00 1.7891e+00
9.3755e+00 3.1774e+00
7.7082e+00 2.6440e+00
4.7252e+00 3.7198e+00
9.0926e+00 5.4598e+00
3.4249e+00 4.8885e+00
2.7523e+00 5.9328e+00
4.3143e+00 1.4689e+00
1.9122e-01 5.0967e+00
4.3734e+00 6.1806e+00
8.3790e+00 1.0890e+01
3.2831e+00 6.9883e+00
7.7755e+00 1.7380e+00
3.5814e+00 2.5456e+00
2.6777e+00 6.6868e+00
4.2569e+00 5.6755e+00
8.2065e+00 7.6944e+00
2.0003e+00 5.2642e+00
4.5796e+00 2.9221e+00
4.8078e+00 9.3482e+00
8.6448e+00 4.1356e+00
3.4725e+00 4.3756e+00
4.2828e-01 3.1614e+00
5.2996e+00 2.5312e+00
5.5682e+00 3.7332e+00
1.7360e+00 1.0889e+01
1.5729e+00 1.0145e+01
6.6690e+00 3.1586e+00
6.6647e+00 1.1734e+00
4.8872e+00 1.3949e+00
4.5174e+00 8.6216e+00
6.9691e+00 3.8938e+00
2.5394e+00 1.8059e+00
9.3874e+00 1.0530e+01
2.6269e+00 9.7195e+00
7.8295e+00 8.7474e+00
4.5674e+00 9.2415e+00
6.1996e+00 1.9456e+00
3.5114e+00 8.1109e+00
6.8551e+00 6.7220e+00
6.2125e+00 2.4309e+00
9.3690e+00 2.4499e+00
7.3447e+00 5.0219e+00
8.9644e+00 1.7098e+00
5.6144e+00 7.5803e+00
8.0626e+00 1.0069e+01
1.2037e-01 5.9283e+00
6.6386e+00 3.9132e+00
3.1726e+00 7.7520e+00
6.7511e+00 7.3016e+00
5.7382e+00 1.1736e+00
9.0100e+00 1.1949e+00
1.9765e+00 6.3552e+00
2.5430e+00 1.3152e+00
6.8718e+00 1.5628e+00
3.6704e+00 6.3264e+00
4.0413e+00 5.0110e+00
3.0163e+00 6.0940e+00
4.0241e+00 6.7454e+00
5.9655e+00 6.2819e+00
4.5337e+00 2.5414e+00
5.0186e+00 6.1713e+00
2.2660e+00 9.4899e+00
7.3693e+00 9.8034e+00
3.4101e+00 6.3627e+00
1.8945e+00 2.0384e+00
6.5259e+00 8.6100e+00
7.1091e-01 6.5371e+00
8.2477e+00 9.5481e+00
3.8079e+00 1.7699e+00
2.2471e+00 3.8620e+00
5.2581e+00 5.2000e+00
8.3561e+00 5.6105e+00
9.3347e+00 5.8131e+00
3.0413e+00 5.3744e+00
2.2318e+00 2.5881e+00
1.1080e-01 2.6185e+00
6.4421e+00 8.8425e+00
3.9183e+00 1.3360e+00
3.1689e+00 9.4575e+00
6.1586e+00 1.2741e+00
5.5977e+00 8.7868e+00
9.3273e+00 8.2570e+00
1.5395e+00 5.3183e+00
8.8652e+00 5.3593e+00
3.4140e+00 4.1191e+00
3.6456e-01 2.1035e+00
3.6035e+00 5.7180e+00
1.0317e+00 2.4323e+00
6.9303e+00 3.5602e+00
6.1198e+00 3.6080e+00
1.5981e+00 6.3393e+00
3.9281e+00 5.3662e+00
2.9758e+00 3.3421e+00
7.8826e+00 1.0871e+01
3.0504e+00 6.4365e+00
9.3729e+00 9.0682e+00
9.3792e+00 2.1788e+00
4.5647e+00 9.8422e+00
3.3917e-01 7.6826e+00
4.3507e+00 6.6019e+00
7.3210e+00 4.6298e+00
2.3511e+00 1.6966e+00
2.9104e+00 2.5080e+00
9.3980e+00 7.8862e+00
6.0430e-01 6.2996e+00
7.0512e+00 5.0038e+00
2.6616e+00 9.0708e+00
6.6704e+00 1.0890e+01
7.7150e+00 2.9101e+00
3.6048e+00 7.0166e+00
1.8458e+00 7.5123e+00
4.0755e+00 3.9453e+00
9.3945e-01 1.0483e+01
8.1228e+00 6.1749e+00
3.3644e+00 5.8233e+00
8.1287e+00 1.9377e+00
4.1466e+00 1.2855e+00
1.3253e+00 3.3981e+00
2.8517e+00 4.7754e+00
5.0467e+00 1.0639e+01
3.6203e+00 7.3483e+00
1.1990e+00 1.0200e+01
4.8022e+00 8.3617e+00
1.0067e+00 1.1377e+00
4.3695e+00 2.9392e+00
2.6484e+00 3.8254e+00
3.7970e+00 9.6200e+00
2.5084e+00 7.1998e+00
4.5418e+00 8.0458e+00
5.0167e+00 9.3346e+00
4.7173e+00 6.5226e+00
7.1398e+00 7.5311e+00
6.3714e+00 2.8706e+00
6.5817e+00 7.0357e+00
7.2037e+00 1.0828e+01
8.4770e+00 2.7475e+00
2.7972e+00 1.0893e+01
1.4956e+00 1.8526e+00
9.2745e+00 4.6578e+00
5.0158e+00 4.6939e+00
5.5027e+00 2.8994e+00
1.9878e+00 6.0977e+00
5.7627e+00 1.4671e+00
8.5068e+00 1.0703e+01
2.2546e+00 6.9213e+00
7.1841e+00 2.5081e+00
7.0284e+00 8.2650e+00
5.3185e+00 2.0063e+00
6.8402e+00 5.7732e+00
9.3868e+00 2.9186e+00
3.0626e+00 8.8331e+00
3.1531e+00 1.0095e+01
3.5197e+00 1.0317e+01
5.2273e+00 9.7657e+00
5.6449e+00 1.0846e+01
9.3797e+00 1.0881e+01
5.6563e+00 1.7578e+00
4.1989e+00 1.9232e+00
6.8862e+00 9.8533e+00
7.6425e+00 4.8485e+00
6.5293e+00 1.0141e+01
7.3227e+00 3.4865e+00
7.8825e+00 1.0449e+01
1.7533e+00 9.9641e+00
4.9581e+00 6.4837e+00
1.0419e+00 5.6344e+00
1.7447e-01 1.4456e+00
7.1527e+00 9.1308e+00
2.4795e+00 2.2585e+00
3.9227e+00 8.9740e+00
1.3975e-01 7.1429e+00
8.7938e+00 5.7126e+00
2.8774e+00 7.1081e+00
3.1658e+00 1.7207e+00
4.1012e+00 9.3904e+00
5.5447e+00 1.0097e+01
2.9156e+00 7.4300e+00
2.0764e+00 4.1636e+00
4.2497e+00 8.6489e+00
7.2441e+00 5.6274e+00
1.2745e+00 9.2907e+00
2.3771e+00 1.0046e+01
2.1743e+00 1.8035e+00
3.2314e+00 2.2859e+00
1.1410e-01 3.7106e+00
7.1677e+00 8.6538e+00
1.4379e-01 3.1549e+00
6.0422e+00 3.1832e+00
5.1341e+00 7.9585e+00
3.6600e+00 8.2981e+00
2.9596e+00 2.7759e+00
7.7617e+00 7.9365e+00
3.7276e+00 3.6798e+00
8.6713e+00 6.7354e+00
4.4383e+00 7.5193e+00
3.9073e+00 2.6808e+00
5.1440e+00 9.1057e+00
2.7195e+00 8.6051e+00
5.4324e+00 1.0568e+01
3.0646e-01 8.6584e+00
1.2137e+00 7.6455e+00
6.8781e+00 1.0564e+01
5.6541e-01 1.4691e+00
1.9042e+00 1.0357e+01
8.8774e+00 6.1074e+00
1.3007e-01 5.3052e+00
1.1105e+00 6.5046e+00
6.5212e+00 4.3236e+00
1.1435e+00 1.2923e+00
8.5926e+00 3.5342e+00
2.5446e+00 1.0446e+01
2.0531e+00 7.5306e+00
8.8342e+00 1.0182e+01
7.4397e+00 9.5918e+00
4.5255e+00 7.1292e+00
2.2502e+00 8.0112e+00
6.2908e+00 4.9076e+00
1.6968e+00 8.3607e+00
5.7594e+00 2.5709e+00
8.9455e+00 2.6917e+00
7.1046e-01 1.0264e+01
1.4569e+00 6.9843e+00
6.9367e-01 1.0677e+01
3.2526e+00 7.2472e+00
5.1927e-01 9.0689e+00
5.5392e+00 1.1011e+00
9.3737e+00 9.7926e+00
6.8154e+00 2.3349e+00
5.5640e+00 8.4202e+00
5.8678e+00 2.1692e+00
2.0660e+00 9.8174e+00
7.4192e+00 1.0899e+01
4.7804e+00 7.9831e+00
5.7865e+00 5.7202e+00
8.4151e+00 4.8715e+00
4.2774e-01 1.0020e+01
4.0848e+00 8.4755e+00
6.7100e+00 1.0438e+01
1.8399e+00 8.7023e+00
2.7727e+00 1.5325e+00
8.5286e+00 6.8941e+00
7.7854e+00 2.0889e+00
8.6909e-01 5.8293e+00
5.5289e+00 6.0348e+00
3.8530e+00 9.1913e+00
2.9761e+00 3.6023e+00
8.2109e+00 1.0272e+01
8.0409e+00 7.0516e+00
4.0360e+00 4.3699e+00
2.5234e+00 3.4359e+00
4.8865e+00 2.3169e+00
4.8785e+00 8.8711e+00
7.4889e-01 9.8585e+00
6.8257e-01 2.3370e+00
1.8271e+00 4.2581e+00
8.2565e+00 6.6499e+00
8.2243e+00 8.2481e+00
4.6427e+00 7.6327e+00
2.7306e+00 1.9466e+00
8.3014e+00 3.2556e+00
5.9910e+00 9.2539e+00
4.1333e+00 1.0625e+01
5.2452e+00 2.9667e+00
4.8429e-01 6.9127e+00
8.8801e+00 3.2908e+00
7.1093e+00 3.4087e+00
3.4470e+00 5.3145e+00
3.6998e+00 3.8876e+00
5.9406e-01 2.1337e+00
3.8518e+00 7.9483e+00
5.6883e-01 9.4356e+00
1.6951e+00 9.5219e+00
4.5122e-01 3.6283e+00
4.0078e+00 3.3518e+00
2.1362e+00 1.3845e+00
2.7409e+00 8.3091e+00
5.0240e-01 2.7612e+00
9.1409e+00 1.8071e+00
1.2919e+00 1.8294e+00
5.6294e+00 9.4137e+00
3.6540e+00 1.9171e+00
5.4078e+00 5.3332e+00
3.7271e+00 8.6206e+00
7.1618e+00 7.1330e+00
5.2546e+00 8.6898e+00
1.2289e+00 4.7542e+00
4.9035e+00 1.0054e+01
9.1730e+00 7.8531e+00
2.2479e+00 4.3466e+00
1.1689e+00 1.0682e+01
7.2828e+00 1.5306e+00
6.8885e+00 4.4830e+00
6.4582e+00 3.5476e+00
1.1363e-01 9.2674e+00
7.4828e+00 3.1860e+00
6.3571e-01 8.4175e+00
5.2514e-01 5.9934e+00
2.3128e+00 6.3488e+00
1.0338e-01 9.8132e+00
6.3453e-01 1.7745e+00
1.4228e+00 6.7252e+00
8.5870e-01 4.6622e+00
5.3674e+00 7.5230e+00
4.9092e+00 5.6781e+00
5.0153e+00 4.1371e+00
7.2058e+00 1.9279e+00
4.7139e+00 4.8598e+00
2.8652e+00 6.5587e+00
7.5860e+00 4.4584e+00
1.7291e+00 7.6761e+00
2.3965e+00 7.8747e+00
7.6829e+00 7.1713e+00
3.9298e+00 4.6572e+00
2.7772e+00 5.2005e+00
1.7169e+00 1.3824e+00
8.4646e+00 7.4394e+00
2.1018e+00 7.1962e+00
7.8689e+00 4.2169e+00
3.5699e+00 7.7259e+00
