9.4931e-01 1.3088e+00
8.3177e-01 1.6852e+00
6.2639e-01 1.3347e+00
9.4372e-01 1.6643e+00
3.1228e-01 1.8463e+00
1.0246e+00 1.5035e+00
9.0862e-01 1.9851e+00
6.6571e-01 1.2286e+00
4.6586e-01 1.6143e+00
1.2589e-01 1.9706e+00
2.0093e-01 1.6426e+00
7.8576e-01 1.9636e+00
7.7095e-01 1.4605e+00
6.1340e-01 1.8118e+00
3.2128e-01 1.2222e+00
4.9510e-01 1.1556e+00
7.9063e-01 1.2646e+00
6.7045e-01 1.9254e+00
6.3078e-01 2.1064e+00
5.0796e-01 1.4499e+00
8.7643e-01 1.0955e+00
9.6029e-01 1.2030e+00
6.2805e-02 1.6442e+00
2.8895e-01 1.0721e+00
9.0439e-01 1.8704e+00
6.1787e-01 1.6365e+00
1.5140e-01 1.3700e+00
3.7253e-01 1.7125e+00
3.1561e-01 2.0539e+00
1.9081e-01 1.1589e+00
1.4778e-01 1.7953e+00
3.6811e-01 1.4020e+00
2.2352e-01 1.5205e+00
1.4601e-01 1.2515e+00
5.3621e-01 1.2840e+00
5.1369e-01 2.0324e+00
1.0463e+00 1.9263e+00
6.3945e-01 1.1248e+00
1.1691e-01 2.0745e+00
4.1263e-01 1.9222e+00
7.0210e-01 1.7282e+00
4.2791e-01 1.2657e+00
2.9088e-01 1.9562e+00
3.6278e-01 1.5364e+00
9.6032e-01 2.1469e+00
7.6695e-01 1.0874e+00
1.0238e+00 1.7325e+00
1.0323e+00 2.0542e+00
1.1447e-01 1.4688e+00
1.0308e+00 1.1042e+00
4.0767e-01 2.1232e+00
5.1647e-01 1.7441e+00
8.9433e-01 1.5068e+00
6.5273e-01 1.4347e+00
7.5757e-01 1.8451e+00
2.5318e-01 1.3808e+00
3.9506e-01 1.1327e+00
5.3839e-01 1.9138e+00
7.3187e-02 1.0694e+00
4.3286e-01 1.8144e+00
7.7982e-01 2.1028e+00
2.0768e-01 2.1480e+00
1.0448e+00 1.2695e+00
7.5652e-01 1.5639e+00
8.7355e-01 1.3801e+00
5.2881e-02 1.1738e+00
2.7507e-01 1.7402e+00
1.0383e+00 1.6107e+00
6.8065e-02 1.8665e+00
6.1370e-01 1.5339e+00
5.3349e-01 1.0523e+00
7.2668e-01 1.3564e+00
1.9476e-01 1.8876e+00
1.0396e+00 1.3971e+00
5.9280e-02 1.3250e+00
5.1543e-01 2.1353e+00
3.0880e-01 1.6224e+00
1.8811e-01 1.0583e+00
7.0633e-01 2.0323e+00
5.0254e-02 1.7598e+00
9.3012e-01 1.7708e+00
2.1707e-01 2.0328e+00
4.6294e-01 1.3594e+00
1.3100e-01 1.5696e+00
8.7971e-01 2.0851e+00
1.0087e+00 1.8334e+00
4.1111e-01 2.0227e+00
5.0426e-02 2.1492e+00
6.0999e-01 2.0052e+00
