1.9426e+00 5.4893e+00
1.5027e+00 1.2701e+00
9.0689e-01 1.0866e+01
1.3750e+00 6.0376e+00
1.7151e+00 7.6237e+00
2.0017e+00 8.4057e+00
1.9007e+00 7.3587e+00
1.0166e+00 4.2261e+00
1.4595e+00 1.6541e+00
9.5166e-01 1.0184e+01
6.0384e-01 6.9507e+00
1.3009e+00 9.8693e+00
2.4583e+00 1.1074e+01
1.9456e+00 1.0220e+01
2.1480e+00 1.8191e+00
1.3548e+00 5.2179e+00
1.4641e+00 6.3608e+00
2.1290e+00 9.9241e+00
6.3826e-01 1.4504e+00
1.3382e+00 1.0426e+01
5.7183e-01 5.3212e+00
1.5836e+00 9.1942e+00
5.2311e-01 1.1175e+01
4.9324e-01 7.2525e+00
3.8495e-01 1.8825e+00
4.8009e-01 4.0626e+00
1.8942e+00 1.0623e+01
1.0784e+00 9.7034e+00
9.3978e-01 7.1420e+00
8.2248e-01 1.2500e+00
2.1398e+00 6.0882e+00
2.1166e+00 3.8669e+00
2.4164e+00 3.7241e+00
2.5400e+00 9.2337e+00
2.1806e+00 8.2083e+00
1.0615e+00 2.6669e+00
1.6095e+00 1.1146e+01
2.6640e+00 1.0410e+01
2.1218e+00 4.3637e+00
1.7329e+00 7.8619e+00
2.8908e+00 3.4649e+00
1.7227e+00 8.7617e+00
1.7004e+00 2.2696e+00
1.2276e+00 5.6078e+00
1.9686e+00 1.2683e+00
1.7405e-01 2.4137e+00
4.3393e-01 6.7753e+00
2.2616e+00 7.6743e+00
8.8125e-01 2.8797e+00
2.6909e+00 5.7520e+00
6.9689e-01 1.9136e+00
8.0755e-01 4.2351e+00
1.1627e+00 1.1529e+01
2.5744e+00 6.8145e+00
1.0446e+00 6.2197e+00
9.9828e-01 8.6315e+00
2.5365e+00 1.4845e+00
2.1686e-01 4.1605e+00
1.4333e-01 3.0234e+00
2.5807e+00 6.0456e+00
1.7465e-01 1.1589e+01
2.3751e+00 8.8157e+00
2.2482e+00 7.3992e+00
1.2648e+00 4.2089e+00
2.3574e+00 1.6302e+00
1.9172e+00 9.8167e+00
2.0290e-01 5.5352e+00
1.0972e+00 9.1906e+00
2.6127e+00 3.9505e+00
2.6672e+00 9.8250e+00
8.7246e-01 8.1597e+00
3.7934e-01 3.1343e+00
1.2886e-01 9.9075e+00
1.0729e-01 1.0386e+01
2.4838e+00 2.3037e+00
1.2569e+00 2.0150e+00
2.2679e+00 6.7420e+00
5.5551e-01 9.4594e+00
2.9897e-01 8.5593e+00
2.3075e-01 6.8586e+00
2.5834e+00 2.1228e+00
1.7638e+00 8.4160e+00
2.1434e+00 7.9495e+00
3.5819e-01 1.5542e+00
8.9659e-01 7.5864e+00
7.0791e-01 6.1831e+00
2.0529e+00 2.6065e+00
3.4520e-01 9.7038e+00
8.8717e-01 1.6563e+00
1.6635e+00 7.1460e+00
7.5306e-01 1.1520e+01
2.8996e-01 1.1359e+01
2.2448e+00 1.3218e+00
2.5355e+00 1.1659e+01
1.3909e+00 7.2104e+00
2.8503e+00 5.5937e+00
1.4712e+00 7.8409e+00
2.3308e-01 3.8534e+00
2.3603e+00 2.9325e+00
1.5610e+00 1.1474e+01
8.0735e-01 9.8309e+00
1.7803e-01 8.2832e+00
2.4393e+00 1.9791e+00
7.6741e-01 9.5055e+00
1.5288e+00 8.3060e+00
2.2275e+00 1.1054e+01
4.1590e-01 5.5753e+00
1.5514e+00 8.9547e+00
2.2080e+00 9.4859e+00
1.7491e+00 5.1210e+00
2.7526e+00 3.2733e+00
1.7166e+00 4.7640e+00
1.9126e+00 3.3714e+00
1.9329e+00 4.5939e+00
1.6942e-01 3.4965e+00
2.4662e+00 7.8533e+00
1.1458e+00 7.2992e+00
1.8644e-01 5.9217e+00
1.0740e+00 1.0503e+01
7.5409e-01 1.1255e+01
3.5071e-01 4.4384e+00
1.6816e+00 5.7899e+00
4.2884e-01 6.4970e+00
2.0047e+00 1.1848e+01
1.8966e+00 6.2174e+00
1.3730e+00 6.9378e+00
7.7311e-01 1.1033e+01
1.8312e+00 6.0159e+00
2.2941e+00 8.4363e+00
9.2096e-01 8.3593e+00
9.1315e-01 6.5779e+00
4.0346e-01 1.0146e+01
1.1828e+00 1.1999e+00
1.8760e+00 1.1260e+01
5.2893e-01 8.3879e+00
1.5359e+00 5.5083e+00
2.0738e+00 1.0731e+01
2.8987e+00 9.1379e+00
6.2368e-01 8.8666e+00
3.7316e-01 8.0885e+00
7.2662e-01 2.1662e+00
1.3341e+00 8.3595e+00
2.6566e+00 5.0173e+00
1.0653e+00 5.1443e+00
3.1413e-01 7.7510e+00
2.7682e+00 8.8538e+00
1.7201e+00 1.0928e+01
2.6677e+00 6.2662e+00
1.9133e+00 2.7687e+00
2.8600e+00 1.1506e+01
2.2031e+00 9.1637e+00
2.8981e+00 4.5303e+00
2.1312e+00 4.7014e+00
1.8170e+00 2.0438e+00
6.8870e-01 6.4115e+00
2.0747e+00 6.3601e+00
1.1472e+00 3.7856e+00
1.9734e+00 7.7836e+00
2.1856e+00 5.3195e+00
1.4211e+00 4.6829e+00
1.0984e-01 5.7208e+00
5.9408e-01 1.0006e+01
4.9592e-01 8.6915e+00
6.6975e-01 3.1637e+00
1.6728e+00 1.7042e+00
1.2648e+00 1.1823e+01
4.4706e-01 4.9901e+00
2.4901e+00 1.0579e+01
2.4586e+00 5.1835e+00
1.0752e+00 4.8202e+00
2.2535e+00 9.7461e+00
5.1494e-01 1.0581e+01
1.0532e-01 9.0265e+00
1.9965e+00 5.1637e+00
5.2429e-01 1.1494e+01
2.7021e+00 7.2044e+00
1.1881e+00 5.4101e+00
1.0007e-01 7.1198e+00
7.0165e-01 1.0842e+01
1.0924e+00 1.8317e+00
1.0334e+00 9.9449e+00
2.3793e+00 1.0229e+01
2.4459e+00 5.5926e+00
2.5767e+00 2.8863e+00
1.5785e-01 5.2694e+00
2.7933e+00 6.4399e+00
2.5587e+00 3.3256e+00
2.8619e+00 3.6985e+00
2.0521e+00 7.0787e+00
1.4570e+00 9.5302e+00
5.4269e-01 7.9027e+00
2.7311e-01 1.1148e+01
1.5877e-01 9.4348e+00
2.1877e+00 5.6948e+00
2.3897e+00 9.0386e+00
2.8467e+00 7.0359e+00
1.4851e+00 3.1137e+00
2.8919e+00 4.7739e+00
1.6483e+00 2.7119e+00
6.6095e-01 1.6685e+00
7.7739e-01 8.5998e+00
1.9624e+00 8.0875e+00
1.9124e+00 4.2023e+00
2.7416e+00 8.0518e+00
1.3279e+00 8.7265e+00
1.6669e+00 6.4051e+00
2.8004e+00 1.1155e+01
4.9851e-01 2.9320e+00
2.7175e+00 2.5089e+00
2.2616e-01 1.1583e+00
1.1095e+00 7.0235e+00
2.8582e+00 8.3728e+00
2.8557e+00 2.1454e+00
2.0898e+00 1.1396e+01
2.1918e+00 1.0377e+01
2.6389e+00 1.0173e+01
1.5821e+00 2.4330e+00
2.8937e+00 3.9131e+00
1.1259e+00 4.4903e+00
8.9189e-01 2.4662e+00
1.9681e+00 5.7969e+00
1.7053e+00 1.2787e+00
9.2066e-01 3.2202e+00
1.4118e+00 2.1908e+00
1.5676e+00 6.8771e+00
7.7854e-01 1.1854e+01
2.7991e+00 7.8492e+00
1.5084e-01 2.0484e+00
1.8212e+00 1.1066e+00
2.2815e+00 4.0814e+00
1.3514e+00 1.4357e+00
8.7097e-01 5.0043e+00
2.2780e+00 4.8497e+00
1.1709e+00 3.1852e+00
2.0642e+00 1.5179e+00
2.6758e+00 4.6268e+00
2.8993e+00 6.6356e+00
1.5708e+00 3.8485e+00
1.0213e+00 8.8550e+00
1.8844e+00 1.8486e+00
1.4862e+00 1.0690e+01
2.0004e+00 9.3400e+00
2.6986e+00 1.0717e+01
2.4616e+00 1.1455e+01
3.0974e-01 2.5772e+00
1.1013e+00 2.3271e+00
1.1742e+00 5.8644e+00
4.8361e-01 9.1393e+00
2.0425e+00 2.0526e+00
1.5096e+00 7.4776e+00
1.3930e+00 3.6079e+00
1.6871e+00 4.4294e+00
2.8561e+00 6.0233e+00
2.4219e+00 9.9520e+00
8.2243e-01 5.5580e+00
6.9352e-01 1.0358e+01
1.7356e+00 5.5850e+00
6.1386e-01 3.4236e+00
1.5757e+00 1.1698e+01
4.4322e-01 1.3163e+00
1.7220e+00 9.6529e+00
1.2615e-01 4.7997e+00
3.9600e-01 5.1861e+00
7.0356e-01 3.8791e+00
2.5815e+00 1.1414e+00
1.3373e+00 9.3226e+00
2.8618e+00 1.0895e+01
3.9048e-01 1.1826e+01
3.0085e-01 8.7838e+00
1.0877e+00 3.5846e+00
2.7582e+00 1.5364e+00
2.2897e+00 3.2313e+00
4.5733e-01 1.0879e+01
9.0914e-01 7.9572e+00
8.3571e-01 9.0230e+00
1.8377e+00 7.0360e+00
2.7072e+00 4.3250e+00
1.6361e+00 4.0625e+00
1.5538e-01 6.4610e+00
2.4918e+00 1.1882e+01
7.6383e-01 9.2250e+00
6.0295e-01 9.7163e+00
1.6112e+00 3.4154e+00
2.2809e+00 1.0596e+01
2.3884e+00 4.4768e+00
1.4222e+00 1.8906e+00
4.1829e-01 3.5286e+00
1.2528e+00 7.8884e+00
2.4243e+00 9.5980e+00
2.2688e-01 7.3972e+00
2.8667e+00 7.4322e+00
2.2645e+00 2.5497e+00
2.3023e+00 5.9616e+00
1.7291e+00 6.6547e+00
2.8824e+00 3.0669e+00
1.7620e+00 9.3469e+00
1.2281e+00 8.9327e+00
1.2095e+00 1.1307e+01
2.6606e+00 7.4649e+00
1.0311e+00 2.1016e+00
4.3121e-01 8.9392e+00
1.7893e+00 3.8900e+00
1.1745e+00 7.5150e+00
1.8570e+00 9.0765e+00
2.5188e+00 8.6418e+00
1.3095e+00 6.5167e+00
1.5172e+00 1.0200e+01
2.2888e+00 1.1706e+01
1.3439e+00 2.7823e+00
1.0145e+00 5.6859e+00
1.9944e+00 1.1098e+01
1.9360e+00 8.8805e+00
1.1076e+00 7.7070e+00
2.8845e+00 2.8467e+00
2.5006e+00 6.4137e+00
2.2925e+00 3.4435e+00
9.9732e-01 1.4586e+00
1.1157e+00 4.0013e+00
2.7970e+00 1.0003e+01
2.7200e+00 9.4335e+00
5.7840e-01 3.6686e+00
1.9844e+00 6.8813e+00
2.4602e+00 7.4540e+00
1.9018e+00 3.5939e+00
2.1271e+00 8.7481e+00
2.0265e+00 3.0257e+00
8.2610e-01 3.3974e+00
8.0089e-01 4.5086e+00
1.6823e+00 1.0614e+01
9.1222e-01 4.0041e+00
2.8653e+00 1.3027e+00
2.5064e+00 8.1976e+00
1.9946e+00 2.3061e+00
3.1963e-01 1.0668e+01
1.4745e+00 9.7366e+00
1.3317e-01 7.9364e+00
1.5224e+00 1.0888e+01
2.3331e+00 7.0846e+00
1.4357e+00 4.0564e+00
1.9940e+00 1.0433e+01
4.9239e-01 5.9179e+00
1.7840e+00 3.1462e+00
1.9985e+00 9.5402e+00
9.1299e-01 5.9277e+00
1.0434e-01 2.6172e+00
2.5649e+00 6.6102e+00
2.2795e+00 2.2669e+00
4.3822e-01 3.8217e+00
1.3006e+00 1.0163e+01
8.4552e-01 6.7877e+00
2.2100e+00 5.1185e+00
1.7703e+00 1.1857e+01
2.6388e+00 5.5278e+00
6.2390e-01 2.6626e+00
3.6048e-01 7.0859e+00
2.0130e+00 7.5618e+00
2.3046e+00 1.1042e+00
9.1234e-01 1.9402e+00
2.8859e+00 5.2788e+00
1.5809e+00 8.0573e+00
1.2098e+00 1.0707e+01
3.2102e-01 4.7269e+00
2.4691e+00 2.5870e+00
1.9350e+00 4.8443e+00
2.8853e+00 8.5819e+00
4.3218e-01 6.1320e+00
6.3312e-01 4.8714e+00
5.4900e-01 7.4908e+00
1.0525e+00 1.1052e+01
1.5325e+00 6.6010e+00
4.8404e-01 1.1097e+00
2.8804e+00 5.0461e+00
1.7275e+00 1.0041e+01
8.3058e-01 4.7546e+00
1.0076e+00 1.1274e+01
1.0120e+00 9.3747e+00
1.6675e+00 9.8481e+00
2.1324e+00 6.5750e+00
3.7260e-01 2.0828e+00
1.4696e+00 8.5285e+00
1.2950e+00 8.1106e+00
2.8451e+00 1.8111e+00
1.3405e+00 6.7250e+00
2.3807e+00 9.3622e+00
6.4842e-01 2.3535e+00
1.2386e+00 1.6553e+00
1.7369e+00 1.0411e+01
2.3658e+00 6.1967e+00
2.6671e+00 1.0985e+01
1.2802e-01 1.3878e+00
1.1042e+00 2.9377e+00
2.6307e+00 3.5242e+00
2.5117e+00 8.4251e+00
1.3143e+00 2.5293e+00
1.8572e+00 2.5388e+00
1.5878e-01 5.0540e+00
1.3096e+00 3.3963e+00
9.1566e-01 1.1656e+01
1.4592e+00 5.7406e+00
2.1865e+00 3.6267e+00
6.2391e-01 5.6558e+00
2.8551e+00 9.6068e+00
1.9907e-01 2.8132e+00
1.2673e+00 4.9637e+00
1.5647e+00 5.2069e+00
2.8331e+00 1.0561e+01
1.6037e+00 1.9950e+00
8.0475e-01 7.7752e+00
8.9206e-01 1.0619e+01
3.6686e-01 1.0396e+01
1.0948e-01 8.7224e+00
2.6051e+00 1.1227e+01
1.8459e+00 1.1558e+01
2.6993e+00 1.1818e+01
2.5788e+00 1.7091e+00
1.8704e+00 6.5036e+00
2.7153e-01 9.2490e+00
2.6357e+00 5.3117e+00
1.4725e+00 4.9316e+00
9.8298e-01 1.1072e+00
1.6296e-01 1.1803e+01
9.8866e-01 5.3759e+00
7.3489e-01 5.1902e+00
1.0719e+00 6.7853e+00
1.0350e+00 1.1821e+01
2.4796e+00 4.2934e+00
1.2872e+00 6.2228e+00
1.1876e+00 8.4995e+00
7.7965e-01 7.3006e+00
1.1560e+00 1.0309e+01
2.8731e+00 1.0234e+01
2.8957e+00 7.6576e+00
1.7546e+00 1.4924e+00
6.0679e-01 1.1716e+01
4.8540e-01 4.6108e+00
1.4028e+00 1.1226e+01
6.5295e-01 8.1282e+00
2.6597e+00 7.6741e+00
3.4843e-01 2.3048e+00
1.2846e-01 6.2582e+00
8.1293e-01 3.6910e+00
1.1217e+00 8.2497e+00
1.2085e+00 9.4824e+00
1.3514e+00 3.8486e+00
6.2878e-01 4.4025e+00
1.4372e+00 4.3478e+00
1.7548e+00 2.8952e+00
2.8690e+00 4.1870e+00
1.7609e+00 8.2135e+00
2.6553e+00 9.0603e+00
1.4028e-01 1.6321e+00
2.4853e-01 3.2921e+00
2.5555e+00 4.8280e+00
1.3405e+00 1.1629e+01
2.4914e+00 3.1306e+00
1.2559e+00 1.1052e+01
1.5519e-01 1.8403e+00
2.1773e+00 1.0123e+01
2.2764e+00 6.4284e+00
6.9080e-01 5.8833e+00
2.3280e+00 1.0791e+01
2.2079e+00 2.7500e+00
2.8820e+00 2.3718e+00
1.2140e-01 1.0181e+01
1.6223e-01 1.0954e+01
1.4997e+00 9.9868e+00
1.5716e+00 6.1305e+00
1.1909e-01 7.6412e+00
2.3381e+00 1.1294e+01
1.0277e-01 1.0612e+01
1.0797e+00 3.3767e+00
1.3900e+00 9.1124e+00
1.7905e+00 5.3253e+00
2.3499e+00 8.0182e+00
2.6520e+00 3.7338e+00
2.8718e+00 6.2360e+00
6.0231e-01 6.6209e+00
1.6297e-01 4.5730e+00
2.4970e+00 5.8186e+00
1.0918e+00 6.4402e+00
3.3391e-01 9.9488e+00
2.8460e+00 1.1013e+00
7.3922e-01 1.0148e+01
1.0162e-01 6.6735e+00
1.8857e+00 8.6255e+00
4.7861e-01 4.2661e+00
1.4808e+00 1.1898e+01
3.2172e-01 5.7734e+00
2.5010e+00 7.2265e+00
2.3825e+00 5.3722e+00
2.0606e+00 3.2238e+00
1.5964e+00 3.6394e+00
1.3000e+00 2.9913e+00
2.1484e+00 8.9610e+00
7.1904e-01 8.3186e+00
2.7881e+00 6.8410e+00
1.3403e+00 7.6765e+00
2.5666e+00 7.0284e+00
1.5378e+00 2.9187e+00
1.0887e-01 4.3408e+00
1.4403e-01 9.6368e+00
1.9193e+00 1.0894e+01
2.0566e+00 1.1631e+01
1.8964e+00 1.6479e+00
2.8783e+00 1.1728e+01
2.7159e+00 2.7183e+00
6.0220e-01 7.7033e+00
2.6303e+00 9.6229e+00
8.9686e-01 1.0379e+01
3.1799e-01 6.3284e+00
8.4166e-01 2.6671e+00
2.6747e+00 1.1429e+01
2.2168e+00 1.1895e+01
2.6629e+00 1.3280e+00
2.8922e+00 5.8018e+00
9.0614e-01 2.2633e+00
2.6829e+00 1.9422e+00
2.1917e+00 6.9273e+00
2.2409e+00 2.0250e+00
1.0999e+00 8.0462e+00
2.4051e+00 3.9240e+00
8.9855e-01 6.3652e+00
2.2624e+00 1.1506e+01
2.6992e+00 2.2902e+00
2.8941e+00 2.6205e+00
1.0470e-01 3.6877e+00
1.3766e+00 1.1016e+00
1.6971e+00 7.3595e+00
3.5437e-01 9.4860e+00
2.5313e+00 1.0829e+01
2.0753e+00 4.0637e+00
4.9629e-01 2.5032e+00
2.4513e+00 1.3027e+00
9.6427e-01 7.3907e+00
2.1049e+00 1.1169e+00
3.3670e-01 5.3832e+00
2.8979e+00 9.3416e+00
2.8904e+00 9.8150e+00
1.5369e+00 1.0475e+01
6.9734e-01 2.9583e+00
1.0143e-01 8.4917e+00
8.1639e-01 8.8046e+00
8.0388e-01 6.9838e+00
2.6925e+00 8.5275e+00
2.4073e+00 4.6933e+00
1.5530e+00 1.4722e+00
1.0586e-01 1.1265e+01
1.2199e+00 4.6711e+00
1.9371e+00 1.0020e+01
4.2958e-01 2.7431e+00
6.8388e-01 1.1008e+00
2.0876e+00 7.2757e+00
3.5707e-01 7.5542e+00
1.2830e+00 9.6688e+00
6.8054e-01 4.0797e+00
2.8999e+00 8.1767e+00
2.6822e+00 3.0667e+00
2.5677e+00 8.8798e+00
2.6995e+00 8.2506e+00
