8.3849e-01 1.5760e+00
9.7485e-01 1.6915e+00
8.7333e-01 1.6583e+00
5.8806e-01 1.5059e+00
1.6919e-01 1.6598e+00
9.1223e-01 1.2808e+00
2.1370e-01 1.2971e+00
8.4975e-01 1.4589e+00
5.9410e-01 1.3722e+00
1.7501e-01 1.5400e+00
5.1001e-01 2.1078e+00
6.9804e-01 1.8469e+00
6.7736e-01 1.0417e+00
5.0957e-01 1.4343e+00
1.2480e-01 1.1658e+00
5.3554e-01 1.5903e+00
5.7394e-01 2.0173e+00
8.5994e-01 2.0163e+00
7.0120e-01 1.1724e+00
1.0582e+00 1.6327e+00
3.7881e-01 1.2028e+00
7.8450e-01 1.1413e+00
4.4157e-01 1.3091e+00
4.8875e-01 1.5159e+00
6.0893e-01 1.9429e+00
4.0586e-01 1.4627e+00
8.8424e-01 1.7509e+00
7.1757e-01 1.4319e+00
4.8273e-01 1.5784e+00
4.4074e-01 1.6764e+00
6.8588e-01 2.1498e+00
3.9548e-01 1.9459e+00
4.3137e-01 1.8328e+00
8.2514e-02 1.8567e+00
2.9791e-01 1.0389e+00
9.2899e-01 1.5689e+00
3.0760e-01 1.1728e+00
8.7837e-01 1.8570e+00
4.7467e-01 1.9009e+00
1.0605e+00 1.2243e+00
9.2188e-01 1.4996e+00
1.4851e-01 1.9170e+00
7.7583e-01 2.1127e+00
2.9411e-01 1.4135e+00
5.4770e-01 1.1388e+00
5.4694e-01 1.9196e+00
2.6481e-01 1.9053e+00
7.4442e-01 1.9583e+00
7.9200e-01 2.0135e+00
6.5682e-01 1.3407e+00
6.7626e-01 1.4682e+00
8.1657e-01 2.1647e+00
7.9901e-01 1.6309e+00
8.4353e-01 1.9457e+00
8.8820e-01 1.6050e+00
2.0105e-01 1.7743e+00
1.6029e-01 1.4181e+00
7.4783e-01 1.5745e+00
6.8956e-02 1.1860e+00
1.9688e-01 1.5935e+00
1.0259e+00 1.7105e+00
7.0651e-01 2.0455e+00
6.0603e-01 1.1633e+00
3.6323e-01 1.9017e+00
1.2335e-01 1.5348e+00
7.4139e-01 1.3398e+00
7.6746e-01 1.7502e+00
5.3622e-01 1.6936e+00
4.2116e-02 1.7563e+00
3.5382e-01 1.7639e+00
1.2362e-01 1.7501e+00
8.3022e-01 1.2754e+00
7.5109e-01 1.8898e+00
9.1912e-01 1.6790e+00
2.7050e-01 1.2453e+00
1.0723e+00 1.4632e+00
5.9029e-01 1.5992e+00
7.5191e-01 1.6781e+00
1.0242e+00 1.3316e+00
4.4172e-01 1.2283e+00
8.2576e-01 1.8707e+00
5.2635e-01 1.0464e+00
4.4333e-01 1.9819e+00
9.7418e-01 1.4977e+00
3.9433e-01 2.0834e+00
4.7405e-01 1.0623e+00
6.6375e-01 1.6303e+00
8.4729e-01 1.0708e+00
3.3674e-02 1.3843e+00
7.1497e-01 1.7928e+00
3.2548e-01 2.1493e+00
5.5381e-01 1.4584e+00
1.0667e+00 1.9825e+00
1.5605e-01 2.1035e+00
7.4309e-01 1.2533e+00
2.9983e-01 1.5237e+00
1.0700e+00 2.0342e+00
3.8692e-01 2.0018e+00
1.0606e+00 1.5168e+00
8.0804e-01 1.1954e+00
9.3482e-01 1.7602e+00
8.9678e-01 1.9638e+00
9.8595e-01 1.5998e+00
3.8667e-01 1.7000e+00
1.1023e-01 1.3213e+00
9.4364e-01 2.1552e+00
1.0079e+00 2.0640e+00
1.8410e-01 2.0058e+00
6.5737e-01 1.7312e+00
3.8087e-01 1.2821e+00
3.8944e-01 1.0554e+00
9.7694e-01 1.3017e+00
7.2339e-01 1.6330e+00
8.5678e-01 1.3715e+00
1.7561e-01 1.3449e+00
3.1269e-01 1.6698e+00
2.9937e-01 2.0561e+00
1.2348e-01 2.0556e+00
6.2718e-01 1.0349e+00
7.6113e-01 1.0918e+00
1.3355e-01 1.0924e+00
7.9724e-01 1.4385e+00
7.4367e-01 1.4987e+00
9.5216e-01 1.3904e+00
6.2633e-01 1.0923e+00
3.6248e-02 2.0368e+00
7.8744e-02 2.1062e+00
5.7224e-02 1.6109e+00
5.2309e-01 1.8106e+00
1.0734e+00 1.8520e+00
1.0409e+00 1.0578e+00
2.8908e-01 1.3631e+00
5.4607e-02 1.0414e+00
2.2004e-01 1.1204e+00
8.7936e-01 1.2106e+00
4.3651e-01 1.1169e+00
1.0524e+00 1.4013e+00
3.2294e-01 1.4591e+00
5.1971e-01 1.2682e+00
9.7818e-02 1.3711e+00
8.9608e-01 2.1017e+00
3.2347e-01 1.8370e+00
6.5237e-01 1.8897e+00
8.2817e-02 1.9179e+00
1.9069e-01 1.4708e+00
2.6019e-01 1.7003e+00
5.0646e-01 1.2012e+00
1.0146e+00 1.4643e+00
5.3387e-01 1.3573e+00
6.9094e-01 1.2348e+00
1.8781e-01 2.0627e+00
2.0877e-01 1.7181e+00
9.5490e-01 1.8105e+00
3.7658e-01 1.5505e+00
1.8453e-01 1.1736e+00
5.9557e-01 1.6953e+00
7.1038e-01 1.0877e+00
9.1460e-01 1.9104e+00
7.8742e-02 1.5081e+00
6.5756e-01 1.3994e+00
9.2406e-01 1.1700e+00
9.0970e-01 1.0580e+00
2.4106e-01 1.0741e+00
4.0987e-01 1.3663e+00
2.5474e-01 1.6502e+00
9.6592e-01 2.1074e+00
7.0854e-01 1.5387e+00
4.2178e-01 1.5206e+00
6.8976e-02 1.1288e+00
5.7024e-01 1.2767e+00
1.3646e-01 1.2688e+00
4.7791e-01 2.0284e+00
2.9501e-02 1.2626e+00
1.0717e+00 1.7806e+00
1.5739e-01 1.8530e+00
9.7431e-01 1.8626e+00
6.2827e-01 1.7833e+00
6.5519e-01 1.5169e+00
6.4083e-01 1.5827e+00
9.9734e-01 1.5453e+00
4.2904e-01 1.7608e+00
1.2595e-01 1.6859e+00
3.8435e-01 1.1469e+00
2.4888e-01 1.5971e+00
1.0079e+00 2.1503e+00
1.0237e+00 1.7650e+00
4.3282e-01 2.1499e+00
6.5543e-01 2.0618e+00
8.8237e-02 1.9933e+00
5.3293e-01 1.7593e+00
6.1554e-01 2.0970e+00
5.2055e-01 2.1577e+00
4.3082e-01 1.1741e+00
5.9992e-01 1.8567e+00
8.5090e-01 2.0741e+00
1.0237e+00 1.8213e+00
2.8786e-02 1.6869e+00
2.5369e-01 1.9744e+00
3.3429e-01 1.1039e+00
2.7404e-01 1.1254e+00
8.1004e-01 1.7037e+00
9.7521e-01 1.2170e+00
8.8746e-01 1.8047e+00
2.4615e-01 2.1308e+00
8.8068e-01 1.1222e+00
1.0625e+00 1.1255e+00
4.1499e-01 1.5845e+00
2.5788e-01 1.7693e+00
3.0534e-01 1.5746e+00
1.6224e-01 1.0402e+00
7.1797e-01 2.1086e+00
3.4981e-01 1.3615e+00
1.2126e-01 2.1732e+00
2.6620e-02 1.9577e+00
9.9984e-01 1.1096e+00
8.1412e-01 1.7826e+00
1.0025e+00 1.9672e+00
9.8761e-01 1.0546e+00
6.7797e-01 2.0044e+00
8.0152e-01 1.5279e+00
2.8763e-02 1.8133e+00
2.1276e-01 1.9002e+00
6.8611e-01 1.6846e+00
8.6666e-01 2.1690e+00
3.2697e-01 1.2659e+00
6.7195e-02 2.1551e+00
8.1899e-01 1.3272e+00
1.0282e-01 1.0280e+00
9.5436e-01 2.0150e+00
3.0775e-01 1.9561e+00
4.7404e-01 1.3969e+00
2.5419e-02 1.5227e+00
6.4124e-01 1.2466e+00
9.9962e-01 1.9066e+00
1.2881e-01 1.5976e+00
8.9605e-01 1.4367e+00
5.4116e-01 1.8609e+00
2.2322e-01 1.4289e+00
2.2523e-01 1.8491e+00
2.3587e-01 1.5410e+00
7.2817e-01 1.0285e+00
8.7249e-01 1.5335e+00
3.0475e-01 1.3140e+00
7.5132e-01 2.1699e+00
5.8910e-01 1.7464e+00
7.6194e-01 1.8198e+00
3.6513e-01 1.6284e+00
4.7653e-01 1.7119e+00
8.9945e-01 1.3347e+00
4.4781e-01 2.0781e+00
8.6204e-02 1.2527e+00
3.8180e-01 2.1418e+00
1.3604e-01 1.2184e+00
1.2275e-01 1.4772e+00
6.0498e-01 1.4355e+00
1.0095e+00 1.6440e+00
5.7861e-01 2.1529e+00
1.0198e+00 1.2716e+00
5.0199e-01 1.9486e+00
1.0433e+00 2.1014e+00
5.7926e-01 1.8098e+00
5.4663e-01 1.5374e+00
1.0487e+00 1.9345e+00
2.5626e-01 1.4822e+00
2.3900e-01 2.0427e+00
7.0250e-01 1.3005e+00
1.0541e+00 1.5732e+00
1.2046e-01 1.8033e+00
4.5550e-02 1.3221e+00
1.0391e-01 1.4299e+00
9.5934e-01 1.9381e+00
4.7762e-01 1.1456e+00
6.4607e-01 1.1956e+00
4.9469e-01 1.6497e+00
6.8575e-01 1.9314e+00
6.3229e-01 2.1528e+00
3.7597e-01 1.8525e+00
1.0746e+00 2.1697e+00
3.6001e-01 1.4169e+00
1.0706e+00 1.6877e+00
1.0027e+00 1.3818e+00
4.5667e-01 1.4772e+00
1.9676e-01 1.2492e+00
4.4275e-02 1.4465e+00
7.2587e-01 1.7218e+00
7.6108e-01 2.0594e+00
6.5387e-01 1.1452e+00
2.5694e-01 1.1743e+00
9.1181e-01 2.0429e+00
5.9919e-01 1.2158e+00
2.2483e-01 1.3632e+00
5.5957e-01 2.0889e+00
5.5546e-01 1.1888e+00
3.3692e-01 1.7163e+00
1.8383e-01 1.0857e+00
7.4721e-01 1.2023e+00
2.0565e-01 1.9538e+00
7.7772e-01 1.2934e+00
7.5548e-01 1.3962e+00
4.5210e-01 1.6232e+00
1.7741e-01 2.1601e+00
2.7242e-01 1.8265e+00
3.0727e-02 1.0905e+00
4.9970e-01 1.3207e+00
6.2802e-01 2.0176e+00
7.9201e-01 1.0408e+00
5.7765e-01 1.0749e+00
2.9349e-02 1.8827e+00
3.6168e-01 1.4994e+00
1.0173e+00 1.1655e+00
4.2089e-01 1.8968e+00
5.1497e-01 1.0951e+00
3.4418e-01 2.1025e+00
3.3749e-01 2.0228e+00
7.9451e-01 1.9259e+00
9.3982e-01 1.6238e+00
9.4717e-01 1.1115e+00
5.5179e-01 1.4047e+00
9.6207e-01 1.4443e+00
5.4983e-01 1.9703e+00
2.8104e-01 2.1728e+00
4.7725e-01 1.7748e+00
7.8551e-02 1.5594e+00
1.0746e+00 1.3314e+00
6.1451e-01 1.3140e+00
5.2439e-01 2.0511e+00
3.8917e-01 1.8016e+00
5.5309e-01 1.6376e+00
2.6242e-02 2.1199e+00
1.3336e-01 1.9667e+00
9.8207e-02 1.6418e+00
1.0704e+00 1.2741e+00
7.7814e-02 1.7200e+00
2.1213e-01 1.0330e+00
6.4676e-01 1.8322e+00
7.0355e-01 1.3777e+00
8.4897e-01 1.1621e+00
6.1454e-01 1.6457e+00
4.3886e-01 1.0268e+00
3.0837e-01 1.7891e+00
1.0223e+00 2.0145e+00
8.0159e-01 1.3760e+00
3.1394e-01 1.8933e+00
3.4863e-01 1.0254e+00
4.2425e-01 1.4155e+00
2.5313e-02 1.1569e+00
7.3258e-01 1.1330e+00
9.2593e-01 1.2300e+00
4.8844e-01 1.8484e+00
1.0715e+00 1.1751e+00
2.5899e-02 1.2126e+00
6.9801e-01 1.5891e+00
7.4129e-01 2.0094e+00
2.9330e-01 2.1076e+00
5.7377e-01 1.0250e+00
4.2780e-01 2.0309e+00
8.6779e-01 1.0251e+00
