5.4553e+00 4.1282e+00
3.9908e+00 9.6672e+00
6.6801e+00 1.0220e+01
9.4795e+00 4.0036e+00
1.2646e+00 4.0465e+00
2.5857e+00 3.6976e+00
8.7863e+00 1.7531e+00
3.6299e+00 5.9876e+00
9.2606e+00 1.0406e+01
6.7652e+00 2.1810e+00
9.1433e+00 5.7759e+00
7.5668e+00 1.0639e+01
8.3480e+00 2.6626e+00
6.3198e+00 8.7375e+00
1.0455e+00 1.3084e+00
5.6853e+00 8.7432e+00
1.9607e+00 1.0605e+01
3.0556e+00 8.5247e+00
9.2734e+00 8.3637e+00
1.2304e+00 9.5676e+00
7.2570e+00 5.7088e+00
2.5106e+00 1.7540e+00
4.5414e+00 2.2491e+00
7.6767e+00 9.0290e+00
6.2696e+00 4.9002e+00
3.0484e-01 5.3740e+00
4.8147e+00 5.8630e+00
7.8481e+00 3.8640e+00
3.4626e+00 7.0577e+00
4.2570e+00 6.7304e+00
7.1368e+00 7.3664e+00
6.5314e-01 6.9000e+00
6.0260e+00 6.2118e+00
4.9482e+00 7.3556e+00
5.5529e+00 1.8846e+00
6.1958e+00 3.5769e+00
2.8266e+00 7.1642e+00
6.0815e+00 1.0438e+01
4.8706e+00 1.4729e+00
5.6606e+00 2.6745e+00
5.3449e+00 1.0362e+01
1.6377e+00 7.4984e+00
6.7514e+00 6.0719e+00
4.1435e-01 8.4221e+00
9.1970e+00 6.4427e+00
8.9410e+00 7.3963e+00
4.8574e+00 3.7709e+00
3.1751e-01 6.0915e+00
7.5916e+00 1.8499e+00
4.0093e+00 3.2633e+00
8.8489e+00 9.7415e+00
9.2228e+00 9.1620e+00
1.5844e+00 5.6792e+00
1.6227e+00 1.9501e+00
5.3942e+00 6.1296e+00
6.8492e+00 6.7669e+00
4.4307e-01 9.1497e+00
9.5812e+00 1.6045e+00
4.0660e-01 3.9295e+00
5.6873e+00 7.0524e+00
1.1204e+00 1.0562e+01
2.0745e+00 8.7851e+00
8.3198e+00 9.2571e+00
2.0994e+00 6.4298e+00
3.8321e+00 4.8182e+00
8.4274e+00 5.0230e+00
3.4462e+00 1.6263e+00
1.1105e+00 2.6424e+00
5.6149e+00 8.0200e+00
4.0505e+00 7.3737e+00
3.2827e+00 7.6426e+00
2.1776e+00 2.4329e+00
9.4460e+00 6.9909e+00
6.7812e+00 3.4418e+00
2.5583e+00 1.0286e+01
7.1606e+00 1.3477e+00
8.5723e+00 1.0295e+01
3.2309e+00 4.4402e+00
7.0681e+00 4.6176e+00
4.9093e+00 2.9431e+00
8.3517e+00 5.8182e+00
4.8111e+00 4.6932e+00
9.1423e+00 2.7744e+00
4.1856e+00 8.3023e+00
9.4549e+00 4.7873e+00
5.8253e+00 9.4022e+00
3.5770e+00 8.8250e+00
4.7383e+00 1.0018e+01
9.3110e+00 2.1899e+00
5.3416e-01 4.7848e+00
2.2662e+00 7.8623e+00
7.2161e+00 3.9389e+00
5.0689e+00 8.4709e+00
3.4635e+00 3.7027e+00
9.4520e+00 3.3957e+00
5.1702e+00 9.1992e+00
2.9151e+00 5.1865e+00
3.2925e+00 9.7774e+00
3.0347e+00 2.2382e+00
8.1400e+00 8.3593e+00
5.1702e+00 5.2825e+00
4.0719e+00 1.3024e+00
8.0687e+00 6.5011e+00
3.4008e+00 3.0988e+00
3.6820e+00 2.1875e+00
2.2444e+00 5.1331e+00
1.6862e+00 3.3754e+00
7.4434e+00 8.1959e+00
8.0742e+00 7.6425e+00
8.7024e+00 4.0505e+00
3.3358e-01 1.0492e+01
1.1092e+00 8.2271e+00
7.3481e+00 2.6118e+00
4.0468e+00 4.1086e+00
4.5720e-01 1.4854e+00
3.8115e+00 1.0454e+01
3.0571e+00 6.4139e+00
4.0821e+00 5.3886e+00
7.9760e-01 3.2473e+00
8.6962e+00 8.0112e+00
6.9803e+00 9.0380e+00
2.4922e+00 5.9571e+00
7.3855e+00 9.7210e+00
1.8642e+00 4.2570e+00
6.2910e+00 4.2912e+00
1.2498e+00 5.0221e+00
8.0017e+00 9.9827e+00
1.9229e+00 9.9912e+00
6.6794e+00 5.3962e+00
2.6872e+00 9.4776e+00
9.7586e-01 8.8687e+00
7.8307e+00 5.1965e+00
2.5440e+00 2.9281e+00
9.7218e-01 7.5032e+00
8.5870e+00 3.2940e+00
7.7791e+00 3.1706e+00
5.5282e+00 3.2801e+00
6.1821e+00 2.0306e+00
5.5230e+00 4.7444e+00
1.2583e+00 6.5414e+00
9.6074e-01 5.8513e+00
7.3862e+00 6.4219e+00
8.3487e+00 7.0779e+00
4.5279e+00 9.2740e+00
6.3073e+00 7.6383e+00
8.1252e+00 4.3993e+00
8.1765e+00 2.0008e+00
2.5358e+00 4.4156e+00
7.6455e+00 6.9706e+00
5.8418e+00 1.3009e+00
6.7291e+00 8.2476e+00
3.2273e-01 2.8298e+00
6.3973e+00 9.5969e+00
2.1731e+00 7.2237e+00
4.9511e+00 6.7128e+00
3.7242e-01 2.2240e+00
5.7812e+00 5.6362e+00
6.7598e+00 2.7910e+00
4.5324e+00 1.0608e+01
3.1075e-01 7.7508e+00
9.7353e-01 2.0195e+00
9.5724e+00 9.7901e+00
9.5706e+00 7.6029e+00
5.2799e-01 9.8110e+00
4.0712e+00 2.6573e+00
6.5862e+00 1.5369e+00
1.6585e+00 1.3256e+00
1.7150e+00 8.2067e+00
3.1586e+00 1.0536e+01
8.7662e+00 8.7515e+00
8.2032e+00 1.3349e+00
4.6554e+00 7.9167e+00
4.2347e+00 6.0546e+00
3.5725e+00 8.2117e+00
6.2867e+00 7.0207e+00
9.5998e+00 5.3718e+00
1.8023e+00 9.3313e+00
5.1507e+00 2.3573e+00
3.4778e+00 5.4033e+00
2.9218e+00 1.3066e+00
6.1852e+00 2.9691e+00
