4.7121e-01 1.7582e+00
1.6119e+00 1.6187e+00
3.1088e+00 1.6031e+00
4.2300e+00 1.6853e+00
5.2167e+00 1.5938e+00
6.4639e+00 1.5901e+00
7.8515e+00 1.5640e+00
5.4066e-01 2.7434e+00
1.7862e+00 2.9677e+00
2.8755e+00 2.8076e+00
4.0703e+00 2.8671e+00
5.2242e+00 2.8060e+00
6.4818e+00 2.8834e+00
7.6373e+00 2.6438e+00
8.8282e+00 2.6919e+00
1.6426e+00 4.0845e+00
3.1026e+00 4.0743e+00
4.1621e+00 4.1063e+00
5.2618e+00 3.8294e+00
6.4587e+00 3.9571e+00
6.6126e-01 5.0214e+00
1.6341e+00 5.2892e+00
3.0940e+00 5.3899e+00
5.3294e+00 5.1870e+00
6.7104e+00 5.1255e+00
7.6080e+00 5.3636e+00
8.9649e+00 5.1989e+00
4.4484e-01 6.4220e+00
1.6282e+00 6.2178e+00
2.8031e+00 6.2312e+00
4.0035e+00 6.5861e+00
5.2491e+00 6.5352e+00
7.7895e+00 6.5360e+00
9.0134e+00 6.5052e+00
4.2153e-01 7.7143e+00
1.8459e+00 7.7363e+00
2.9987e+00 7.5166e+00
4.1175e+00 7.6554e+00
5.4035e+00 7.5413e+00
7.6022e+00 7.5881e+00
7.4913e-01 8.7711e+00
4.0323e+00 8.9591e+00
6.5536e+00 8.8999e+00
7.7810e+00 8.7592e+00
8.9139e+00 8.8321e+00
6.5897e-01 9.9803e+00
4.0123e+00 1.0189e+01
5.3977e+00 9.8822e+00
6.4704e+00 1.0095e+01
7.8728e+00 9.9498e+00
8.8299e+00 1.0041e+01
