1.8694e+00 5.4011e+00
1.2375e+00 4.7503e+00
1.1506e+00 5.9330e+00
3.4402e-01 1.2439e+00
7.6483e-01 4.9102e+00
1.2442e+00 3.8923e+00
1.4033e-01 2.8202e+00
2.2346e+00 8.0406e+00
2.0892e+00 2.9186e+00
8.6342e-01 3.1331e+00
2.2775e+00 9.1067e+00
2.1617e+00 7.0228e+00
9.6254e-01 6.9514e+00
1.3340e+00 6.6159e+00
9.4177e-01 4.4079e+00
9.7118e-01 2.4475e+00
2.6673e+00 1.6007e+00
1.5464e-01 6.9236e+00
1.3823e+00 3.0898e+00
1.9202e+00 1.3954e+00
2.1866e+00 4.4899e+00
2.0845e+00 3.9755e+00
1.1756e+00 2.4893e+00
1.6869e+00 4.9459e+00
4.9916e-01 7.3564e+00
1.7733e+00 4.0057e+00
8.1759e-01 8.5514e+00
5.0150e-01 9.0734e+00
1.6938e+00 7.7360e+00
5.6338e-01 6.8648e+00
2.3439e+00 4.1372e+00
1.1506e+00 6.2345e+00
3.4363e-01 4.4413e+00
8.6827e-01 3.7801e+00
2.7506e+00 7.1281e+00
1.8842e+00 5.1480e+00
1.0829e+00 1.6385e+00
3.7764e-01 2.7052e+00
1.6618e+00 5.7271e+00
2.0132e+00 2.3364e+00
2.7841e+00 4.5846e+00
9.1528e-01 8.2955e+00
8.3166e-01 4.0240e+00
2.7567e+00 8.8087e+00
1.6879e+00 6.8857e+00
8.8863e-01 5.3544e+00
1.2052e+00 7.7960e+00
4.8593e-01 3.7350e+00
1.4783e+00 7.0813e+00
6.0826e-01 2.5709e+00
3.6755e-01 6.4789e+00
2.0920e+00 7.5290e+00
9.3660e-01 7.4734e+00
2.5245e+00 9.3081e+00
1.9090e+00 8.4214e+00
2.5812e+00 9.0077e+00
1.5441e+00 9.0057e+00
2.6772e+00 7.4661e+00
2.8616e+00 2.1544e+00
5.4711e-01 9.8516e+00
2.3386e+00 2.2531e+00
3.7250e-01 7.6087e+00
1.5076e+00 8.4760e+00
7.0438e-01 4.4772e+00
9.3008e-01 7.8312e+00
5.4941e-01 1.5550e+00
1.7962e+00 8.7167e+00
2.3045e+00 2.8515e+00
7.8136e-01 5.8939e+00
1.1473e+00 5.0665e+00
1.4716e+00 7.7088e+00
1.3909e+00 1.6428e+00
2.4677e+00 6.6228e+00
1.5714e+00 8.7600e+00
2.7695e+00 8.3582e+00
3.1256e-01 3.8439e+00
2.7827e+00 3.1470e+00
1.5662e+00 2.2883e+00
1.4550e+00 6.8670e+00
2.0703e+00 5.2281e+00
2.6113e-01 6.0049e+00
3.2419e-01 3.2734e+00
2.5582e+00 6.0316e+00
1.3628e+00 4.3820e+00
2.5518e+00 2.9367e+00
1.8181e+00 1.1386e+00
2.5048e+00 3.9384e+00
1.3474e+00 5.4492e+00
2.4409e-01 1.4385e+00
1.1983e+00 9.1419e+00
2.5694e+00 1.1299e+00
8.5206e-01 2.9251e+00
1.8083e+00 4.6134e+00
1.9538e+00 5.7271e+00
1.8493e+00 2.7289e+00
1.4565e+00 2.5615e+00
3.3832e-01 5.1228e+00
1.0265e-01 4.9666e+00
3.5884e-01 4.1712e+00
2.0710e+00 6.6854e+00
2.0116e+00 3.1324e+00
2.5827e+00 3.7003e+00
2.3814e+00 8.2592e+00
2.6025e+00 2.2819e+00
1.1337e-01 5.4596e+00
2.7763e+00 9.6676e+00
1.5420e+00 9.5290e+00
2.2958e+00 7.6641e+00
2.2636e+00 3.8787e+00
1.4577e+00 1.3030e+00
7.9063e-01 6.6747e+00
7.3743e-01 9.1975e+00
2.3783e+00 5.0164e+00
1.3112e+00 3.6545e+00
2.4955e+00 9.8763e+00
6.6815e-01 5.6886e+00
1.4267e+00 8.0541e+00
1.6530e+00 3.5499e+00
5.9722e-01 1.9891e+00
2.2700e+00 5.6351e+00
1.7610e+00 4.3382e+00
2.5663e+00 1.7898e+00
1.2104e-01 3.3456e+00
2.7059e+00 3.4522e+00
1.9770e+00 2.0583e+00
2.2116e+00 8.8653e+00
2.6364e+00 1.3666e+00
6.0755e-01 3.9496e+00
2.1719e-01 5.7800e+00
1.2842e+00 7.5002e+00
2.0932e+00 3.6400e+00
1.0495e+00 3.5208e+00
1.5128e-01 7.8282e+00
2.8383e+00 7.7471e+00
1.4327e+00 5.7446e+00
1.7714e+00 3.7505e+00
2.6527e+00 5.5973e+00
1.1422e+00 4.1963e+00
2.1389e+00 1.7657e+00
1.5495e+00 6.0528e+00
7.1994e-01 5.1621e+00
1.4707e+00 7.4102e+00
1.6557e-01 4.2425e+00
1.8544e-01 2.3157e+00
1.2786e+00 8.2004e+00
1.0062e+00 5.7367e+00
2.7573e+00 5.2680e+00
1.0273e+00 2.0071e+00
1.6070e+00 6.5488e+00
2.3882e+00 7.1292e+00
1.2534e+00 8.6126e+00
3.1143e-01 8.3073e+00
1.4348e+00 4.6416e+00
1.7741e+00 7.3238e+00
1.1910e+00 3.3152e+00
2.0867e+00 2.6440e+00
1.6444e-01 9.7600e+00
1.2119e+00 5.6781e+00
1.1656e+00 9.4021e+00
4.9409e-01 5.8908e+00
1.6644e+00 8.0880e+00
6.7526e-01 6.0830e+00
2.2996e+00 5.9749e+00
2.2480e+00 3.1720e+00
1.5876e+00 1.5041e+00
1.8678e+00 6.6507e+00
2.4769e+00 2.0569e+00
4.8882e-01 7.8006e+00
3.9716e-01 4.7075e+00
2.8665e+00 1.1564e+00
1.7080e+00 7.1138e+00
7.2742e-01 3.4836e+00
1.2437e+00 1.2660e+00
1.1143e-01 8.7258e+00
1.6006e+00 1.1554e+00
2.0685e+00 6.1152e+00
1.3921e+00 4.9541e+00
2.4004e+00 8.7897e+00
2.0498e+00 9.5184e+00
2.8725e+00 1.6856e+00
1.9609e+00 7.1060e+00
2.3495e+00 3.5611e+00
8.3810e-01 2.6128e+00
2.8488e+00 6.6160e+00
2.7140e+00 6.8813e+00
1.0379e+00 8.0155e+00
2.7501e+00 4.1003e+00
1.6906e-01 7.4596e+00
2.5751e+00 7.6904e+00
9.0449e-01 7.1588e+00
2.3137e+00 4.7280e+00
1.8514e+00 1.8358e+00
5.5743e-01 5.3615e+00
9.5282e-01 8.8634e+00
4.0777e-01 3.0381e+00
4.6653e-01 6.1683e+00
8.6825e-01 1.3121e+00
3.4497e-01 8.5972e+00
2.2524e+00 9.3913e+00
2.2234e+00 1.1360e+00
3.1287e-01 1.8568e+00
4.1616e-01 9.4815e+00
1.4792e+00 9.8687e+00
1.6470e+00 2.8088e+00
2.0396e+00 9.7360e+00
1.3557e+00 8.8745e+00
1.1538e+00 2.2889e+00
2.1470e+00 8.6477e+00
1.9254e+00 6.8465e+00
7.5626e-01 1.8137e+00
1.7010e+00 8.3999e+00
8.2551e-01 9.4636e+00
1.9023e+00 5.9774e+00
2.3152e+00 8.4857e+00
1.6411e-01 9.4794e+00
1.8598e-01 8.0854e+00
2.5718e+00 8.0939e+00
3.0405e-01 6.7701e+00
2.1040e+00 8.3326e+00
1.3415e+00 9.6301e+00
1.6215e+00 1.9466e+00
9.9060e-01 6.4819e+00
2.7971e-01 8.8752e+00
2.5508e+00 5.8244e+00
9.4523e-01 5.1625e+00
2.5185e+00 4.6411e+00
1.7671e+00 9.1339e+00
2.0011e+00 4.8495e+00
2.2527e+00 5.4235e+00
1.2497e-01 4.0072e+00
2.8160e+00 9.3806e+00
2.5394e+00 3.3206e+00
2.6937e+00 4.3989e+00
2.0272e-01 9.2495e+00
9.8367e-01 9.2268e+00
2.4724e+00 5.2702e+00
1.7726e+00 9.8705e+00
3.4866e-01 7.2101e+00
4.3889e-01 2.2328e+00
2.6631e+00 8.5789e+00
2.4343e+00 2.5104e+00
1.0187e-01 2.0382e+00
7.8099e-01 7.6323e+00
2.7510e+00 9.1664e+00
1.6620e-01 3.1265e+00
2.5586e+00 2.7125e+00
2.7739e+00 2.6027e+00
1.3717e+00 1.8711e+00
2.8987e+00 6.1119e+00
2.7272e+00 6.2270e+00
2.3238e+00 1.5616e+00
7.2541e-01 7.8834e+00
1.2599e+00 7.0330e+00
7.4680e-01 6.9765e+00
1.8939e+00 7.8808e+00
6.0108e-01 8.1312e+00
5.9197e-01 1.2075e+00
1.1284e+00 6.8361e+00
2.0094e+00 6.3736e+00
2.8776e+00 6.3807e+00
1.3960e-01 4.5986e+00
1.3008e+00 2.7834e+00
2.0199e+00 7.7161e+00
8.9543e-01 6.1965e+00
6.0602e-01 4.7845e+00
1.7843e+00 9.4024e+00
2.0967e+00 7.3264e+00
8.9010e-01 9.8142e+00
5.1687e-01 4.3037e+00
2.4112e+00 6.3947e+00
2.7855e+00 8.1353e+00
2.5371e+00 9.5902e+00
4.0397e-01 5.5520e+00
2.8521e+00 3.6393e+00
5.3785e-01 6.3567e+00
2.2187e+00 1.3621e+00
2.8047e+00 2.9027e+00
2.1167e+00 9.2423e+00
1.9931e+00 8.8990e+00
1.9843e+00 4.1845e+00
2.8320e+00 5.9073e+00
1.5760e+00 5.3110e+00
7.1885e-01 4.2303e+00
1.9721e+00 4.4969e+00
1.5653e+00 4.0342e+00
2.4812e+00 7.3676e+00
1.7274e+00 2.1618e+00
1.4474e+00 9.2824e+00
2.5566e+00 4.8665e+00
2.7420e+00 1.9617e+00
1.6557e+00 3.3049e+00
2.8472e+00 2.3833e+00
1.0414e+00 4.8591e+00
1.0455e+00 3.9285e+00
9.4587e-01 3.3294e+00
2.4160e-01 3.6180e+00
1.5578e+00 4.2351e+00
5.6408e-01 9.3169e+00
1.3777e+00 4.1353e+00
2.0024e+00 8.0610e+00
1.6570e+00 6.3198e+00
1.0951e+00 2.7787e+00
8.2447e-01 2.2623e+00
2.8776e+00 4.9699e+00
2.3454e+00 1.7966e+00
5.6566e-01 8.4884e+00
1.2690e+00 7.2839e+00
5.9639e-01 7.1733e+00
8.3060e-01 8.0720e+00
7.0107e-01 8.3206e+00
2.2655e+00 9.6947e+00
1.2932e+00 2.1070e+00
2.2113e+00 2.0477e+00
1.7318e+00 2.5440e+00
2.4948e+00 7.8987e+00
1.6732e-01 6.2781e+00
1.9476e+00 3.4150e+00
2.8665e+00 5.5889e+00
2.8769e+00 8.6331e+00
1.8589e+00 2.9397e+00
9.3183e-01 4.6263e+00
1.0286e-01 2.6226e+00
1.1395e+00 2.9984e+00
5.7792e-01 7.5848e+00
5.5190e-01 1.7797e+00
2.2849e+00 6.2020e+00
1.2068e+00 9.8000e+00
5.3275e-01 3.3856e+00
2.3371e+00 6.7932e+00
5.3862e-01 8.8007e+00
1.8681e+00 7.5110e+00
1.4788e+00 3.7835e+00
6.8008e-01 1.3990e+00
1.6854e+00 1.7130e+00
1.7030e-01 6.5275e+00
1.4319e+00 3.3123e+00
2.2375e+00 6.5144e+00
2.1843e+00 3.3639e+00
6.5866e-01 3.1745e+00
7.9662e-01 1.6122e+00
2.3959e+00 4.3667e+00
1.1472e+00 4.4555e+00
3.5092e-01 1.6120e+00
1.6511e+00 5.5200e+00
1.1173e-01 9.0256e+00
1.9198e+00 1.6390e+00
2.1684e+00 4.9784e+00
5.4635e-01 2.8542e+00
1.0483e+00 8.5950e+00
5.7838e-01 5.0152e+00
7.5479e-01 7.3316e+00
1.0562e+00 1.1634e+00
1.3191e+00 5.1888e+00
1.6497e+00 4.7357e+00
1.2236e-01 7.2242e+00
1.1106e+00 8.3511e+00
2.8483e+00 9.8649e+00
2.8240e+00 7.3215e+00
1.0867e+00 1.4202e+00
1.4071e+00 6.3621e+00
6.1564e-01 6.5413e+00
3.5662e-01 2.4885e+00
1.0040e+00 5.5310e+00
2.1791e+00 7.8461e+00
1.5843e+00 3.1152e+00
3.6984e-01 9.6789e+00
6.2361e-01 9.5803e+00
1.0398e+00 9.6736e+00
1.4810e+00 8.2665e+00
6.1198e-01 2.3535e+00
1.1083e-01 8.3275e+00
2.6516e+00 6.5138e+00
2.7839e+00 3.8728e+00
1.7084e+00 1.3425e+00
2.0726e+00 5.5292e+00
1.2072e-01 1.7617e+00
2.0818e+00 1.5134e+00
3.7397e-01 6.9600e+00
1.1977e-01 1.2148e+00
2.5655e+00 8.3476e+00
1.7722e+00 9.6442e+00
2.5157e+00 6.9129e+00
7.5168e-01 8.9888e+00
2.8783e+00 7.9453e+00
2.1124e+00 5.8755e+00
3.4831e-01 4.9061e+00
2.5842e+00 5.0882e+00
2.8382e+00 1.4107e+00
2.1717e+00 9.8974e+00
1.0659e+00 7.3094e+00
1.7584e+00 6.1271e+00
2.8883e+00 4.3312e+00
2.0324e+00 1.2192e+00
3.2304e-01 5.3660e+00
2.1910e+00 2.4515e+00
2.4359e+00 1.3663e+00
2.8990e+00 7.5325e+00
1.4812e-01 5.2437e+00
1.5792e+00 4.5019e+00
1.8241e+00 8.2334e+00
7.4766e-01 6.3749e+00
1.1695e+00 5.3400e+00
7.5133e-01 8.7532e+00
1.7463e+00 8.9257e+00
9.5702e-01 5.9895e+00
2.2746e+00 5.2145e+00
4.1313e-01 8.0389e+00
1.1142e+00 3.7243e+00
1.3622e+00 2.3532e+00
1.3550e-01 8.5260e+00
1.3190e+00 6.0439e+00
1.0938e+00 7.6209e+00
2.5348e+00 4.2000e+00
1.6466e+00 7.5379e+00
1.2823e+00 1.4677e+00
1.5446e+00 5.1123e+00
2.1716e+00 4.2807e+00
8.5941e-01 1.1008e+00
2.2888e+00 7.4240e+00
7.3220e-01 5.4981e+00
1.8213e+00 6.4560e+00
2.1123e+00 4.6830e+00
2.4471e+00 5.5273e+00
9.6732e-01 1.8134e+00
6.8708e-01 3.6803e+00
1.1534e+00 8.8201e+00
3.3312e-01 2.0589e+00
2.8622e+00 8.9943e+00
7.8818e-01 2.0617e+00
1.3045e+00 8.4107e+00
1.8114e+00 3.1674e+00
2.7760e+00 4.7916e+00
9.1941e-01 4.2050e+00
2.8889e+00 3.3281e+00
2.8987e+00 6.9823e+00
1.1063e-01 3.7802e+00
1.1302e+00 6.6328e+00
1.8037e+00 2.3552e+00
3.2590e-01 9.8827e+00
1.2205e+00 6.4509e+00
1.0206e-01 6.7298e+00
2.4376e+00 3.1076e+00
1.4943e+00 2.1010e+00
1.1763e+00 1.8215e+00
1.5588e+00 7.9016e+00
1.9658e+00 3.8037e+00
1.4627e+00 2.9048e+00
1.9702e+00 9.1055e+00
1.7065e+00 5.9280e+00
1.3726e+00 1.1020e+00
2.2892e+00 2.6487e+00
2.5251e+00 6.2288e+00
1.4549e+00 3.5116e+00
