5.9287e-01 6.0186e+00
6.9276e+00 1.8475e+00
4.2825e+00 2.2771e+00
6.7991e+00 5.9528e+00
3.3800e+00 4.8878e+00
3.3295e+00 7.8636e+00
4.8588e+00 2.6881e+00
2.2041e+00 2.0461e+00
2.9453e+00 8.5629e+00
8.2135e-01 1.0144e+01
5.3241e+00 7.8300e+00
1.6544e+00 1.0190e+01
6.5993e-01 1.9201e+00
8.6355e+00 8.0864e+00
4.7920e+00 1.0229e+01
5.8114e+00 7.2655e+00
8.0600e+00 3.5126e+00
3.2010e+00 7.0703e+00
7.9253e+00 9.7757e+00
1.8653e+00 4.9523e+00
3.3098e+00 9.9025e+00
7.7552e+00 2.8329e+00
9.7194e-01 4.7776e+00
4.7939e+00 1.6497e+00
2.0276e+00 9.0313e+00
5.0858e+00 5.1091e+00
2.3883e+00 6.0410e+00
3.7101e+00 3.6255e+00
9.0575e-01 3.9281e+00
5.9727e+00 5.8574e+00
4.4972e+00 4.2101e+00
8.1812e+00 1.4301e+00
4.9399e+00 8.4947e+00
8.6486e+00 9.3276e+00
9.8761e-01 7.2710e+00
8.6705e+00 4.1019e+00
7.2267e+00 8.0590e+00
6.8194e+00 9.0605e+00
3.5432e+00 2.3867e+00
3.0418e+00 3.2151e+00
6.1076e+00 1.0585e+01
7.9955e+00 6.4587e+00
8.8080e+00 6.6855e+00
1.5427e+00 5.9505e+00
7.3191e+00 4.4989e+00
6.0537e+00 1.4959e+00
4.3732e+00 6.6725e+00
6.5369e+00 9.7035e+00
5.6710e+00 8.9062e+00
7.9757e+00 8.4150e+00
1.7514e+00 6.6542e+00
3.5179e-01 6.7959e+00
2.7425e+00 3.9322e+00
1.1595e+00 3.1692e+00
4.5212e+00 5.8693e+00
5.2531e+00 6.3776e+00
8.9954e+00 1.0130e+01
5.5486e+00 4.3129e+00
6.9013e+00 6.9066e+00
5.5417e+00 2.2735e+00
7.1014e+00 3.1587e+00
6.1388e+00 3.3948e+00
8.0573e+00 4.9750e+00
1.5304e+00 8.3897e+00
6.1143e+00 8.0554e+00
1.9842e+00 4.2263e+00
4.0084e+00 8.7820e+00
6.5686e+00 4.0222e+00
6.3623e+00 2.6560e+00
6.2575e+00 5.1027e+00
8.9699e+00 1.9190e+00
5.8837e-01 8.4805e+00
2.3672e+00 9.8362e+00
5.7214e-01 2.6197e+00
2.1577e+00 7.8482e+00
2.1162e+00 3.4383e+00
4.3042e+00 5.1363e+00
3.9796e+00 9.6093e+00
7.3870e+00 5.5282e+00
1.2849e+00 2.2652e+00
4.2877e+00 7.7390e+00
8.2262e+00 1.0632e+01
9.0995e+00 5.2338e+00
9.1109e+00 7.3327e+00
5.0757e+00 7.0562e+00
3.8292e+00 6.0603e+00
3.0160e+00 5.5789e+00
4.6709e+00 9.3133e+00
3.2343e+00 1.6559e+00
1.8141e+00 1.4291e+00
8.5046e+00 5.9058e+00
5.1800e+00 3.3620e+00
8.1970e+00 7.4402e+00
8.3045e+00 2.2312e+00
5.8434e-01 9.4603e+00
1.3277e+00 9.2982e+00
7.4012e+00 1.0545e+01
8.8791e+00 3.3231e+00
5.5453e+00 1.0007e+01
2.5144e+00 1.3511e+00
6.2583e+00 6.5966e+00
2.3681e+00 7.0750e+00
3.9175e-01 3.4460e+00
2.5845e+00 4.9686e+00
2.7165e+00 2.5313e+00
3.8631e+00 1.0605e+01
7.6110e+00 2.0784e+00
3.3596e+00 9.1415e+00
3.0450e+00 1.0561e+01
4.0552e+00 1.3931e+00
4.3283e-01 5.2872e+00
9.0961e+00 8.7833e+00
7.5678e+00 9.0650e+00
7.4742e+00 1.3776e+00
4.3103e+00 3.2215e+00
3.0532e+00 6.3816e+00
3.6060e-01 7.7866e+00
2.3418e+00 1.0571e+01
7.4875e+00 7.3700e+00
1.9380e+00 2.7025e+00
3.7082e-01 4.4150e+00
7.9759e+00 4.2474e+00
9.1469e+00 2.6263e+00
6.6233e+00 7.5605e+00
1.0933e+00 1.3693e+00
7.2252e+00 9.8488e+00
7.4195e+00 3.8005e+00
1.0550e+00 6.5506e+00
3.7987e+00 4.3213e+00
