1.1354e+00 1.1450e+00
3.2044e-01 8.2330e+00
6.5657e-01 9.5638e+00
6.2675e-01 1.9573e+00
4.7473e-01 5.4956e+00
3.9677e-01 5.9854e+00
2.4372e+00 9.6542e+00
5.7870e-01 7.2525e+00
2.3425e+00 3.2061e+00
2.5552e+00 6.4874e+00
1.8385e+00 1.3983e+00
1.5305e+00 6.0306e+00
1.6406e+00 3.9160e+00
2.7960e+00 3.9237e+00
2.2884e+00 6.7249e+00
1.4377e+00 4.2195e+00
1.5082e+00 8.3084e+00
9.6695e-01 3.2817e+00
2.1338e+00 8.9505e+00
3.0592e-01 7.7494e+00
2.6617e+00 2.8327e+00
3.5744e-01 9.4252e+00
1.8758e+00 7.0161e+00
6.1234e-01 5.0147e+00
2.3767e+00 4.0613e+00
5.1752e-01 6.5901e+00
2.0856e+00 1.7014e+00
2.0313e+00 2.4824e+00
1.0645e+00 8.6297e+00
1.7340e+00 7.8145e+00
1.0677e-01 1.2889e+00
1.0923e+00 1.4613e+00
2.7461e+00 9.2007e+00
2.3044e+00 5.6669e+00
2.8527e+00 8.3849e+00
2.7530e+00 6.6452e+00
2.8604e+00 7.5803e+00
1.7666e+00 8.2683e+00
7.8043e-01 4.0666e+00
1.3749e+00 1.0823e+01
2.8427e+00 2.2418e+00
2.0946e-01 1.0149e+01
2.7340e+00 1.0495e+01
1.9120e+00 6.2562e+00
7.1194e-01 1.0661e+01
1.1328e+00 1.0128e+01
2.5150e+00 1.5129e+00
8.1211e-01 4.5264e+00
1.6259e+00 1.0476e+01
2.6248e+00 7.0321e+00
9.5404e-01 1.0304e+01
1.0602e+00 2.6652e+00
1.7868e+00 3.0448e+00
3.0017e-01 8.5219e+00
2.7951e-01 1.0845e+01
1.8158e+00 9.0898e+00
1.0101e+00 3.5693e+00
2.1584e+00 2.6522e+00
1.5496e+00 1.9021e+00
2.8416e+00 2.9950e+00
9.3016e-01 4.2098e+00
2.3363e+00 2.0024e+00
1.1527e+00 4.1000e+00
2.0747e+00 2.0419e+00
1.8835e+00 2.1291e+00
9.3763e-01 8.0251e+00
7.3749e-01 1.0000e+01
1.3172e-01 8.7714e+00
4.9862e-01 3.3327e+00
2.8166e+00 1.3080e+00
1.7696e+00 5.8405e+00
2.0430e+00 7.3265e+00
1.8726e+00 8.6876e+00
1.3781e+00 6.7969e+00
1.2369e+00 7.0784e+00
2.5473e+00 9.1013e+00
2.2052e+00 7.0681e+00
2.3863e+00 2.9368e+00
2.7303e+00 1.0705e+01
2.4248e+00 6.1583e+00
1.4153e+00 8.9288e+00
2.5816e+00 2.6089e+00
4.8610e-01 2.8998e+00
2.1471e+00 7.6942e+00
1.3303e+00 1.6797e+00
1.6820e+00 1.6987e+00
2.0735e+00 8.2769e+00
1.3593e+00 1.1571e+00
8.8692e-01 1.5217e+00
2.4871e+00 6.8421e+00
4.9207e-01 2.1270e+00
2.6180e+00 4.6789e+00
5.2814e-01 2.5561e+00
2.7310e+00 4.1238e+00
2.4608e+00 1.0196e+01
2.0842e+00 6.6338e+00
1.2404e+00 1.9858e+00
6.3870e-01 8.2755e+00
5.6534e-01 3.5791e+00
5.0895e-01 7.7573e+00
2.2624e+00 8.7772e+00
1.8382e+00 3.5251e+00
1.8089e-01 7.9262e+00
2.6823e+00 1.9728e+00
7.0850e-01 1.2625e+00
1.1366e+00 9.2153e+00
6.2714e-01 5.3036e+00
6.0588e-01 8.8520e+00
9.9547e-01 2.2924e+00
9.7738e-01 5.9599e+00
7.9115e-01 6.6259e+00
1.9906e+00 9.8468e+00
7.4710e-01 2.3642e+00
1.9653e+00 7.7787e+00
2.8917e+00 3.3570e+00
7.8319e-01 2.6700e+00
2.1213e+00 1.0188e+01
1.8918e+00 3.8872e+00
1.3767e-01 3.7553e+00
6.4137e-01 1.6409e+00
1.2380e+00 5.7516e+00
1.5393e+00 8.7258e+00
2.7518e+00 4.4054e+00
5.4016e-01 6.2030e+00
7.7289e-01 7.1886e+00
2.7522e+00 1.0261e+01
2.2854e+00 9.2947e+00
2.6194e+00 3.8166e+00
7.5669e-01 5.7277e+00
1.9657e+00 9.4954e+00
1.6396e+00 4.8263e+00
1.3725e+00 9.6300e+00
2.0290e+00 4.5837e+00
8.5018e-01 1.9886e+00
2.0162e+00 1.3002e+00
1.5819e+00 4.4477e+00
4.7156e-01 4.8458e+00
3.5144e-01 3.4717e+00
2.3416e+00 4.5550e+00
1.1088e+00 6.6030e+00
2.2048e+00 8.0331e+00
1.6100e+00 3.5101e+00
1.2725e+00 2.2216e+00
1.3437e+00 3.2427e+00
1.3434e+00 1.0540e+01
2.6956e+00 7.7265e+00
1.5827e+00 5.6413e+00
1.8390e+00 4.1309e+00
1.9141e+00 8.8946e+00
2.3585e+00 8.2704e+00
1.4287e+00 8.5045e+00
1.4271e+00 7.2636e+00
1.4146e+00 1.0013e+01
1.2328e+00 1.0367e+01
2.0962e+00 4.0495e+00
1.1952e+00 4.6999e+00
8.2280e-01 4.9638e+00
4.4499e-01 4.5389e+00
1.3250e+00 3.5920e+00
1.0341e+00 1.7149e+00
1.1190e+00 1.0766e+01
1.0755e+00 8.3393e+00
2.1738e+00 9.7090e+00
2.3501e+00 2.3995e+00
5.8708e-01 1.0455e+01
2.2090e+00 5.3976e+00
1.8924e+00 5.4299e+00
1.0657e+00 7.4131e+00
1.4689e+00 5.0257e+00
9.9130e-01 6.8584e+00
2.8318e+00 5.0956e+00
1.0213e+00 4.4135e+00
5.9087e-01 9.1304e+00
2.8839e+00 6.2601e+00
2.4142e-01 2.8810e+00
2.4623e+00 1.0545e+01
2.3055e+00 5.0109e+00
5.3272e-01 4.3447e+00
1.4540e+00 2.5325e+00
2.0621e+00 3.6286e+00
8.0415e-01 8.7677e+00
2.2980e+00 4.2541e+00
1.4305e+00 6.5855e+00
2.8976e+00 9.6590e+00
1.2244e+00 5.1337e+00
1.9395e+00 7.5448e+00
2.6473e+00 1.0089e+01
2.4950e+00 9.4373e+00
2.8844e+00 7.0245e+00
2.8736e+00 4.5763e+00
2.0336e+00 1.0897e+01
2.3144e+00 1.0776e+01
2.1564e+00 6.2020e+00
1.3178e-01 5.2530e+00
2.7003e+00 9.8778e+00
1.5516e+00 2.9652e+00
2.6742e+00 5.9051e+00
2.3979e+00 7.4781e+00
2.6028e-01 4.9601e+00
2.5341e+00 8.5704e+00
8.5202e-01 9.0294e+00
2.5197e+00 5.4576e+00
2.8697e-01 6.3281e+00
2.0053e+00 3.2375e+00
2.6708e+00 6.3195e+00
2.3018e+00 3.6510e+00
1.9252e+00 1.0039e+01
1.6586e-01 4.7439e+00
2.7157e+00 1.7574e+00
2.2672e+00 6.0176e+00
1.4522e+00 1.4928e+00
6.3876e-01 9.7708e+00
8.2851e-01 3.4464e+00
2.3980e+00 7.8457e+00
1.4475e+00 4.0050e+00
1.0672e+00 5.6026e+00
8.0203e-01 2.9141e+00
3.0176e-01 1.8618e+00
1.0691e+00 5.3517e+00
1.7307e+00 6.6191e+00
3.6881e-01 1.1879e+00
1.9437e+00 8.4699e+00
3.3592e-01 1.4858e+00
1.0366e+00 9.4094e+00
2.8808e+00 5.9689e+00
1.3010e+00 9.3798e+00
2.0056e+00 5.7517e+00
1.2870e+00 2.9633e+00
3.7452e-01 3.7341e+00
1.1148e+00 7.7438e+00
2.0309e+00 1.0626e+01
2.6331e-01 7.3707e+00
1.0969e+00 8.9905e+00
2.6202e+00 2.2673e+00
2.0289e+00 9.2098e+00
2.5220e+00 3.5967e+00
1.9695e+00 5.0319e+00
2.5286e+00 3.3616e+00
1.6593e+00 6.8830e+00
9.9522e-01 4.8527e+00
2.7333e+00 8.0294e+00
2.1149e+00 8.6417e+00
1.6056e+00 9.0377e+00
1.2428e+00 5.4516e+00
3.1859e-01 5.3588e+00
1.7642e+00 1.0747e+01
1.9197e+00 4.3902e+00
1.2914e+00 8.7020e+00
1.8855e+00 4.7886e+00
1.9920e-01 1.0389e+01
2.3035e+00 1.2994e+00
1.1366e+00 8.0571e+00
4.1983e-01 8.9391e+00
1.5932e+00 9.4463e+00
1.7835e+00 9.8677e+00
6.4733e-01 8.4894e+00
1.4683e+00 6.3281e+00
1.4309e+00 5.2490e+00
2.7515e+00 5.5835e+00
1.4733e+00 2.1330e+00
8.3094e-01 9.3312e+00
2.5315e+00 5.1314e+00
1.7577e+00 5.2085e+00
9.4807e-01 5.1469e+00
9.1028e-01 6.3317e+00
6.3348e-01 6.8821e+00
2.3418e+00 1.6346e+00
1.2954e+00 5.9699e+00
2.4014e-01 5.5936e+00
1.2755e-01 3.4499e+00
1.6384e+00 4.1471e+00
2.6377e+00 8.8788e+00
2.5969e+00 1.1631e+00
2.8720e+00 7.3318e+00
1.5750e+00 9.7918e+00
2.5516e+00 4.8794e+00
1.7871e+00 2.3578e+00
2.2031e+00 3.8446e+00
1.4504e+00 8.0276e+00
1.3238e+00 7.6173e+00
2.0206e-01 2.6679e+00
1.5888e-01 6.1634e+00
8.7614e-01 7.5554e+00
2.3853e+00 9.8958e+00
2.7849e-01 9.2044e+00
2.6346e+00 9.5912e+00
1.6337e+00 7.0945e+00
3.3953e-01 2.2689e+00
1.2292e+00 3.8409e+00
2.4669e+00 7.1827e+00
1.4358e+00 5.8141e+00
1.6974e+00 3.3016e+00
1.3430e-01 6.5470e+00
1.8505e+00 2.8036e+00
1.8730e+00 6.8078e+00
2.2224e-01 9.9345e+00
1.1918e+00 9.7548e+00
8.5837e-01 1.0494e+01
2.2161e+00 1.0416e+01
3.4704e-01 6.8934e+00
1.2858e+00 8.3366e+00
2.8938e+00 1.5279e+00
1.7680e+00 7.3955e+00
1.6485e+00 7.9978e+00
1.6836e+00 1.0084e+01
2.2464e+00 6.5077e+00
4.2069e-01 9.6822e+00
2.7350e+00 5.3245e+00
7.1309e-01 8.0640e+00
4.4606e-01 1.0613e+01
1.6831e+00 2.0512e+00
9.3669e-01 7.0718e+00
2.8171e+00 2.6582e+00
1.4581e+00 3.7456e+00
3.5780e-01 3.1036e+00
1.4267e+00 7.8129e+00
1.0480e-01 8.3034e+00
2.8263e+00 4.7997e+00
4.4918e-01 8.7049e+00
6.4629e-01 7.5634e+00
2.1675e+00 9.9845e+00
1.2556e+00 4.3303e+00
8.4226e-01 8.2242e+00
7.1735e-01 5.9579e+00
2.5136e+00 8.1240e+00
8.7596e-01 8.4911e+00
2.3412e-01 7.0717e+00
1.9991e+00 1.0374e+01
4.9861e-01 1.0077e+01
1.5670e+00 1.1913e+00
2.5289e+00 5.6724e+00
2.3044e+00 5.2146e+00
2.1951e+00 3.4142e+00
2.6403e+00 7.4965e+00
1.7055e+00 9.6164e+00
1.1046e+00 6.2372e+00
3.1788e-01 6.6341e+00
1.4143e+00 9.1326e+00
7.4818e-01 6.1772e+00
9.1299e-01 1.2394e+00
6.7452e-01 1.0238e+01
1.2973e-01 3.2358e+00
2.1578e+00 3.1034e+00
4.7068e-01 4.0386e+00
4.8881e-01 5.7429e+00
7.8710e-01 7.8167e+00
2.0848e+00 2.8799e+00
2.5473e+00 3.1611e+00
1.6867e+00 6.3404e+00
9.5068e-01 9.5964e+00
6.6271e-01 3.1033e+00
1.9315e+00 5.9754e+00
2.3504e-01 4.5130e+00
1.7054e-01 2.1538e+00
1.2447e+00 6.4336e+00
9.3490e-01 9.8541e+00
2.5338e+00 4.4410e+00
1.8927e+00 8.0940e+00
7.4734e-01 2.1604e+00
1.6494e+00 8.5351e+00
2.1072e-01 4.0560e+00
5.7600e-01 9.3488e+00
2.5727e+00 8.3726e+00
1.4139e+00 2.7305e+00
5.4899e-01 1.4508e+00
1.0049e-01 2.3607e+00
2.8962e+00 8.6477e+00
1.3985e-01 6.7572e+00
1.7748e+00 9.3603e+00
1.4228e+00 1.0303e+01
2.8773e+00 8.8736e+00
1.4242e-01 5.7710e+00
5.0559e-01 7.0619e+00
2.2638e+00 7.2807e+00
2.5093e+00 1.0865e+01
7.8309e-01 1.0887e+01
5.3882e-01 2.3415e+00
1.4188e+00 4.6194e+00
4.9544e-01 8.0502e+00
2.7833e+00 9.4211e+00
1.9022e+00 6.5041e+00
2.8965e+00 1.9145e+00
1.6588e+00 5.4140e+00
4.9712e-01 1.0898e+01
1.6479e+00 7.5903e+00
1.8412e+00 1.9207e+00
1.3388e-01 9.6603e+00
4.3459e-01 5.1521e+00
1.1138e+00 2.4583e+00
3.5423e-01 7.5491e+00
1.4510e+00 5.4527e+00
9.6002e-01 3.9731e+00
2.0658e+00 5.2158e+00
1.8725e+00 1.6224e+00
2.4275e-01 4.2786e+00
6.8575e-01 4.6909e+00
1.0273e-01 1.0618e+01
6.2639e-01 3.8591e+00
1.3382e+00 4.8576e+00
2.8775e+00 6.4687e+00
2.0960e+00 2.2787e+00
8.1652e-01 3.6746e+00
2.1017e+00 4.8493e+00
1.3151e+00 6.1917e+00
1.4682e-01 1.6840e+00
2.3945e+00 2.7222e+00
1.2088e-01 7.5607e+00
9.0939e-01 1.0705e+01
1.0627e+00 2.0849e+00
2.2876e+00 8.4805e+00
9.9528e-01 3.0148e+00
1.9466e+00 1.1066e+00
6.6090e-01 6.4252e+00
2.8687e+00 3.7163e+00
2.0519e+00 6.8999e+00
1.7345e+00 6.0662e+00
3.7409e-01 1.0280e+01
2.6721e+00 7.2290e+00
2.1857e+00 9.4726e+00
1.7621e+00 1.0289e+01
4.3817e-01 1.7020e+00
1.5310e+00 1.0693e+01
4.6830e-01 8.3807e+00
2.4714e+00 5.8704e+00
1.1859e+00 3.4063e+00
2.8935e+00 2.4384e+00
1.7610e+00 3.7134e+00
6.8156e-01 5.5122e+00
2.8835e+00 1.0069e+01
2.4997e+00 7.6591e+00
2.1705e+00 1.5104e+00
8.3527e-01 5.3390e+00
2.8883e+00 7.8520e+00
1.4803e-01 9.3570e+00
2.1483e+00 4.3928e+00
2.4032e+00 8.9444e+00
1.2353e-01 9.0513e+00
1.7097e+00 8.8424e+00
2.8843e+00 1.0890e+01
1.6539e+00 2.5635e+00
1.7792e+00 4.6017e+00
2.3193e+00 4.7615e+00
1.0697e+00 1.0491e+01
1.2894e+00 7.4185e+00
1.8198e+00 1.0544e+01
2.7657e+00 6.8507e+00
2.8771e+00 5.7567e+00
5.7090e-01 1.1025e+00
1.4382e+00 6.9971e+00
1.6345e+00 2.7735e+00
2.8614e+00 1.1114e+00
9.9660e-01 3.7756e+00
9.8435e-01 4.6512e+00
2.4767e+00 1.8364e+00
2.2333e+00 1.1103e+00
1.5432e+00 2.3525e+00
2.5188e+00 4.2167e+00
2.3878e+00 6.3608e+00
2.7390e+00 3.5352e+00
1.8528e+00 2.5980e+00
2.8988e-01 2.4689e+00
1.1870e+00 9.5548e+00
1.2706e+00 1.3410e+00
2.6396e+00 6.1186e+00
2.8896e+00 8.1804e+00
1.7291e+00 5.0105e+00
1.6248e+00 1.3881e+00
2.4171e+00 3.8378e+00
1.1459e+00 3.1715e+00
7.4611e-01 4.2915e+00
8.0873e-01 1.7766e+00
9.2732e-01 1.0098e+01
1.8099e+00 5.6368e+00
4.6185e-01 9.8780e+00
1.5417e+00 3.1657e+00
2.7589e+00 3.1938e+00
1.6251e+00 1.0895e+01
2.1639e+00 7.4934e+00
2.0592e+00 5.5562e+00
1.6099e+00 9.2426e+00
2.4322e+00 2.1928e+00
1.0969e-01 1.9489e+00
2.8943e+00 4.2628e+00
1.0033e-01 8.5577e+00
1.0686e-01 7.2443e+00
1.7686e+00 1.2042e+00
7.5358e-01 7.3915e+00
2.8997e+00 5.4443e+00
9.0691e-01 2.5079e+00
4.0372e-01 2.7137e+00
2.0688e+00 6.3828e+00
2.6974e+00 8.6858e+00
1.2552e+00 2.6079e+00
1.8727e+00 7.2172e+00
1.8579e-01 1.1033e+00
2.5654e+00 1.0373e+01
2.2462e+00 1.8219e+00
1.4954e+00 7.4554e+00
1.0581e-01 3.0347e+00
1.0872e+00 7.2124e+00
1.0019e-01 5.9676e+00
1.1927e+00 6.8777e+00
2.1895e+00 5.8309e+00
