8.6538e-01 2.1191e+00
4.7173e-01 3.1354e+00
4.9838e-01 2.7403e+00
1.3680e+00 2.2548e+00
1.8365e-01 1.5743e+00
1.4487e+00 1.4846e+00
1.9282e+00 2.0435e+00
4.0369e-01 2.6229e+00
5.5755e-01 1.1520e+00
1.8858e+00 1.5723e+00
6.2620e-01 2.7525e+00
9.8467e-01 1.1434e+00
1.2616e+00 2.7033e+00
1.1721e+00 1.9169e+00
8.6548e-02 3.0712e+00
1.0098e+00 2.2694e+00
1.8010e+00 2.4364e+00
1.8833e+00 1.8353e+00
1.0090e+00 3.0214e+00
1.5597e+00 2.6672e+00
4.3944e-01 1.0954e+00
4.5938e-01 1.3541e+00
8.3546e-01 2.0037e+00
1.9348e-01 1.1761e+00
1.4800e+00 1.8332e+00
1.1377e+00 1.1066e+00
5.7281e-01 1.0531e+00
4.9222e-01 1.5624e+00
1.5254e-01 1.3457e+00
1.1830e+00 3.0920e+00
1.6476e+00 1.9647e+00
1.5028e+00 1.5952e+00
1.0460e-01 2.3832e+00
8.4177e-01 1.2322e+00
6.6271e-01 2.1028e+00
6.7484e-01 1.4303e+00
1.8966e+00 2.3817e+00
1.0120e+00 2.4072e+00
1.7262e+00 1.7212e+00
2.5599e-01 2.5117e+00
2.4615e-01 1.4118e+00
3.3190e-01 1.6373e+00
1.1050e+00 1.5511e+00
1.5793e+00 2.9482e+00
7.3875e-01 2.4267e+00
1.8021e+00 1.1779e+00
1.8846e+00 1.3757e+00
1.4083e+00 2.0926e+00
1.7442e-01 2.3064e+00
1.2268e+00 1.3282e+00
1.2100e+00 2.5429e+00
1.9947e+00 1.4195e+00
8.5371e-01 3.1488e+00
1.9709e+00 1.1558e+00
1.9230e+00 2.7982e+00
6.3677e-01 1.9909e+00
2.0384e+00 1.8447e+00
1.2473e+00 2.1980e+00
8.4933e-01 1.3612e+00
8.9212e-01 2.7996e+00
2.6274e-01 2.7335e+00
7.1438e-01 3.1238e+00
1.3357e+00 2.8912e+00
3.8355e-01 1.5344e+00
1.7468e+00 1.3726e+00
1.4950e+00 2.4082e+00
1.6306e+00 1.1446e+00
5.1163e-01 1.8540e+00
7.5325e-01 1.5190e+00
1.0908e+00 1.7753e+00
1.9936e+00 2.3097e+00
1.3222e+00 3.0014e+00
1.0640e+00 1.6699e+00
9.5619e-01 2.6579e+00
1.1993e+00 2.3146e+00
4.7169e-01 2.5224e+00
7.9673e-01 2.9517e+00
1.9047e+00 2.2144e+00
3.9713e-01 2.3686e+00
1.4183e-01 1.8319e+00
2.0229e+00 2.1721e+00
5.7039e-01 2.4660e+00
7.8900e-02 1.6365e+00
1.3447e+00 3.1484e+00
2.8673e-01 2.4151e+00
6.6497e-01 2.5964e+00
1.4225e+00 3.0770e+00
1.3704e+00 2.3952e+00
5.4701e-01 2.3308e+00
1.4467e+00 2.8918e+00
1.7663e+00 1.0727e+00
1.3039e-01 2.8159e+00
1.8604e+00 3.0737e+00
1.3097e+00 1.7349e+00
4.4439e-01 1.9755e+00
1.8133e+00 2.1177e+00
1.5365e+00 2.0277e+00
6.4690e-01 1.8023e+00
1.3866e+00 1.9696e+00
1.9222e+00 2.5068e+00
1.2705e+00 1.5488e+00
5.6863e-01 1.6668e+00
1.9465e+00 2.6152e+00
6.7829e-02 2.5176e+00
1.1006e+00 1.4260e+00
2.9689e-01 2.1841e+00
1.4506e+00 1.2927e+00
9.8236e-01 2.0125e+00
9.5438e-01 1.5135e+00
2.0358e+00 2.7639e+00
1.6934e+00 2.9949e+00
1.3884e-01 2.9508e+00
2.2850e-01 3.1011e+00
1.0370e+00 1.2663e+00
1.7686e+00 1.5345e+00
8.9610e-01 3.0464e+00
7.4951e-01 2.8410e+00
4.9685e-01 1.2373e+00
5.5546e-01 2.8498e+00
1.6935e+00 2.5184e+00
7.5594e-01 2.2383e+00
1.6548e-01 1.9398e+00
7.9754e-01 2.3395e+00
1.3861e+00 1.5726e+00
1.7491e+00 1.9289e+00
1.2576e-01 1.4731e+00
1.7966e+00 2.5612e+00
1.8289e+00 1.7512e+00
1.2667e+00 1.0828e+00
1.1768e+00 2.7579e+00
8.5509e-01 2.5092e+00
8.8026e-01 1.6933e+00
1.1315e+00 2.6547e+00
5.6112e-01 1.4692e+00
1.7493e+00 2.2879e+00
1.5949e+00 1.5507e+00
1.4751e+00 1.1164e+00
1.8221e+00 2.6669e+00
6.7757e-01 2.9492e+00
3.8781e-01 1.1919e+00
1.3494e+00 1.3731e+00
3.5422e-01 1.3758e+00
1.7569e+00 2.8545e+00
6.5263e-02 2.0922e+00
1.3122e+00 2.0365e+00
8.2015e-01 1.8859e+00
1.5847e+00 2.2341e+00
5.5900e-01 3.0028e+00
1.7497e+00 3.0841e+00
2.5913e-01 1.7743e+00
1.0422e+00 1.9303e+00
9.5232e-01 2.9113e+00
1.9962e+00 3.0499e+00
1.0619e-01 2.6754e+00
2.0392e+00 1.2562e+00
1.5318e+00 2.1465e+00
4.9231e-01 2.0729e+00
6.8483e-01 2.3182e+00
1.4188e+00 2.6002e+00
1.6405e+00 2.3801e+00
4.2823e-01 2.9438e+00
1.1220e+00 2.1663e+00
1.1627e+00 2.9232e+00
9.0295e-01 1.0532e+00
1.6815e+00 2.0657e+00
9.3242e-01 1.2901e+00
1.0089e+00 2.7978e+00
1.6208e+00 1.8432e+00
1.9040e+00 1.0776e+00
2.0220e+00 1.9810e+00
1.1599e-01 1.1028e+00
3.5179e-01 2.0302e+00
1.9512e+00 1.6639e+00
1.1386e+00 2.0301e+00
1.3682e+00 1.1980e+00
3.6686e-01 3.1305e+00
6.6446e-01 1.2807e+00
1.5430e+00 1.7276e+00
7.3808e-01 1.1177e+00
9.9453e-01 1.4173e+00
5.1620e-02 1.2626e+00
3.8191e-01 1.8546e+00
1.7246e-01 1.7183e+00
1.5746e+00 1.3424e+00
9.3016e-02 2.2311e+00
9.8993e-01 2.5363e+00
1.6624e+00 2.8046e+00
5.8422e-01 2.2217e+00
1.9264e+00 1.2714e+00
3.4294e-01 2.8155e+00
1.7782e-01 2.1090e+00
1.5234e+00 2.7771e+00
1.4021e+00 2.7445e+00
1.4848e+00 2.2471e+00
7.6892e-01 2.5974e+00
9.0506e-01 1.7909e+00
1.0999e+00 2.4784e+00
2.0369e+00 1.5296e+00
1.0662e+00 3.1448e+00
1.8573e+00 2.9539e+00
2.8830e-01 1.2560e+00
3.0891e-01 1.0546e+00
7.4379e-01 1.7614e+00
3.2953e-01 3.0289e+00
1.2173e+00 2.4302e+00
4.3558e-01 2.2717e+00
8.0519e-01 2.7165e+00
1.1124e+00 3.0123e+00
3.0340e-01 2.2921e+00
1.5211e+00 2.5264e+00
1.6290e+00 3.1150e+00
2.0330e+00 1.0581e+00
4.6519e-01 1.6748e+00
1.6947e+00 1.2485e+00
5.6641e-02 1.8883e+00
1.8010e+00 1.2885e+00
1.2191e+00 1.4313e+00
1.9657e+00 2.9114e+00
1.6383e+00 1.6674e+00
1.1868e+00 1.6671e+00
1.6929e+00 2.6705e+00
6.4797e-01 1.6044e+00
9.0238e-01 2.3016e+00
2.4559e-01 1.8793e+00
1.3644e+00 1.0539e+00
1.6166e+00 1.4432e+00
2.2994e-01 2.8476e+00
1.3593e+00 2.5115e+00
5.5569e-01 2.6212e+00
5.6594e-01 1.3162e+00
7.0846e-01 1.8917e+00
1.1507e+00 1.2105e+00
7.4676e-01 1.6504e+00
1.2537e+00 1.8344e+00
1.6885e+00 2.1801e+00
2.8712e-01 2.6168e+00
8.4491e-01 1.5871e+00
4.1296e-01 2.1712e+00
2.0196e+00 2.4469e+00
1.3751e+00 1.8592e+00
4.5396e-01 1.4608e+00
1.4882e+00 2.9976e+00
1.0186e+00 2.1143e+00
9.3413e-01 2.1970e+00
1.9293e+00 1.9312e+00
1.7981e-01 2.6048e+00
5.3415e-02 1.7432e+00
5.4508e-02 1.3704e+00
3.6823e-01 2.5087e+00
3.7067e-01 2.7188e+00
2.0448e+00 2.5879e+00
1.0721e+00 2.8792e+00
2.4735e-01 2.0194e+00
1.5621e+00 1.0577e+00
9.3128e-01 1.9032e+00
2.0367e+00 1.7343e+00
1.2343e+00 2.8526e+00
2.6660e-01 2.9510e+00
1.5399e+00 1.2167e+00
1.7387e+00 1.8212e+00
3.9113e-01 1.7464e+00
1.1093e+00 2.3761e+00
1.0003e+00 1.8216e+00
5.8208e-01 3.1052e+00
1.4361e+00 1.6856e+00
1.2597e+00 1.2236e+00
1.5249e+00 3.1303e+00
2.0236e+00 3.1480e+00
1.7954e+00 1.6410e+00
8.7202e-01 2.4099e+00
9.6692e-01 1.6352e+00
8.5331e-01 1.4640e+00
1.2969e+00 2.5996e+00
1.6361e-01 2.4653e+00
7.4752e-01 1.3477e+00
1.4959e+00 1.9330e+00
1.8225e+00 2.0023e+00
1.7619e+00 2.7496e+00
5.1787e-02 2.8838e+00
4.5300e-01 2.8377e+00
1.0449e+00 1.0612e+00
9.6093e-01 3.1302e+00
2.8256e-01 1.5296e+00
1.2939e+00 1.9277e+00
7.6066e-01 2.0756e+00
5.6636e-02 1.9905e+00
7.8722e-01 3.0526e+00
1.2223e+00 2.1010e+00
1.1170e+00 1.3272e+00
2.0866e-01 1.0553e+00
1.8566e+00 1.4744e+00
1.4803e+00 1.3895e+00
7.0550e-01 2.6897e+00
1.3459e+00 1.4762e+00
1.6135e+00 2.5802e+00
6.5776e-01 1.1785e+00
6.0683e-01 1.8951e+00
2.9317e-01 1.1547e+00
8.3826e-01 1.1302e+00
2.0499e+00 1.6295e+00
1.3129e+00 2.7904e+00
1.6673e+00 1.0501e+00
5.0961e-02 1.5401e+00
8.6891e-01 2.6082e+00
4.2853e-01 3.0442e+00
1.9707e-01 2.2078e+00
2.0500e+00 2.9654e+00
1.1109e+00 2.2662e+00
6.6633e-01 2.4959e+00
