5.2132e-01 1.7741e+00
3.6162e-01 1.1390e+00
3.9380e-01 1.6351e+00
6.9919e-01 1.3527e+00
3.9502e-01 1.3579e+00
4.9850e-01 1.1347e+00
6.4660e-01 1.2853e+00
6.1220e-02 1.6303e+00
2.2237e-01 1.5594e+00
3.1800e-01 1.7788e+00
6.7165e-02 1.9396e+00
3.0473e-01 1.3241e+00
2.4215e-01 1.1805e+00
2.8919e-01 1.6762e+00
6.5196e-01 1.8982e+00
7.9756e-01 1.4456e+00
3.9165e-01 1.2457e+00
5.6441e-01 1.4761e+00
3.9062e-01 1.8581e+00
2.2568e-01 1.2490e+00
5.9659e-01 1.8505e+00
7.8504e-01 1.3175e+00
5.0971e-01 1.8784e+00
8.7119e-01 1.0637e+00
6.0524e-02 1.4131e+00
6.5618e-01 1.5384e+00
5.8664e-01 1.9250e+00
6.5750e-01 1.4083e+00
4.2230e-01 1.9156e+00
7.9075e-01 1.2507e+00
8.4719e-01 1.2067e+00
2.8066e-01 1.5230e+00
7.4415e-02 1.7959e+00
5.9026e-01 1.6085e+00
3.8055e-01 1.7199e+00
4.7994e-01 1.6231e+00
1.5787e-01 1.9221e+00
4.9333e-01 1.6965e+00
7.0937e-01 1.2625e+00
6.7708e-02 1.1652e+00
8.2501e-01 1.8436e+00
1.1868e-01 1.5691e+00
6.2761e-01 1.7225e+00
5.1311e-01 1.4475e+00
1.4712e-01 1.3738e+00
5.6137e-01 1.6767e+00
5.3555e-01 1.6155e+00
4.3145e-01 1.5973e+00
2.7029e-02 1.6714e+00
7.2313e-01 1.7049e+00
1.9325e-01 1.6881e+00
8.6128e-01 1.7110e+00
1.3160e-01 1.7006e+00
7.1752e-01 1.0512e+00
2.2968e-01 1.3136e+00
7.5941e-01 1.9033e+00
7.3497e-01 1.5128e+00
4.0920e-01 1.2950e+00
5.6586e-02 1.2311e+00
4.9167e-01 1.2070e+00
5.9732e-01 1.1074e+00
8.4473e-01 1.5165e+00
5.5685e-01 1.3768e+00
2.1753e-01 1.8051e+00
6.4317e-01 1.7912e+00
8.6397e-01 1.1588e+00
8.5878e-01 1.2800e+00
2.7308e-01 1.8335e+00
6.9583e-01 1.8200e+00
6.6024e-01 1.9548e+00
2.2031e-01 1.3726e+00
4.1126e-01 1.4200e+00
3.6832e-01 1.9487e+00
5.3133e-01 1.9675e+00
3.7342e-01 1.7972e+00
2.1769e-01 1.7400e+00
4.5043e-01 1.2433e+00
2.2001e-01 1.4793e+00
7.8801e-01 1.6112e+00
3.1935e-01 1.0990e+00
6.0998e-01 1.4259e+00
2.7413e-01 1.4128e+00
1.0687e-01 1.1230e+00
2.4368e-01 1.0544e+00
3.0250e-01 1.1855e+00
8.5108e-01 1.4323e+00
4.2889e-01 1.7700e+00
3.2815e-01 1.2573e+00
1.1980e-01 1.2772e+00
3.9810e-01 1.5176e+00
1.6511e-01 1.1268e+00
6.4677e-01 1.4780e+00
4.7379e-01 1.4054e+00
2.1700e-01 1.6245e+00
3.0828e-01 1.6272e+00
7.6324e-01 1.9656e+00
7.0337e-01 1.2088e+00
4.9260e-01 1.3048e+00
8.7236e-01 1.5843e+00
9.4853e-02 1.4998e+00
7.4584e-01 1.8003e+00
4.6138e-01 1.3456e+00
2.3394e-01 1.9087e+00
8.2084e-01 1.9549e+00
5.9258e-01 1.2835e+00
3.2183e-01 1.4762e+00
4.5861e-01 1.0500e+00
1.8621e-01 1.0665e+00
8.1928e-01 1.0624e+00
1.6783e-01 1.4580e+00
5.4808e-01 1.1532e+00
6.5224e-01 1.2214e+00
3.7626e-01 1.4570e+00
2.8716e-01 1.9605e+00
8.1336e-01 1.1235e+00
3.8934e-02 1.5125e+00
2.8598e-02 1.9742e+00
8.5191e-01 1.3600e+00
7.8093e-01 1.3980e+00
3.3705e-01 1.4053e+00
7.4606e-01 1.1097e+00
1.2800e-01 1.8510e+00
6.5455e-01 1.0531e+00
6.6691e-01 1.1580e+00
2.7440e-01 1.1228e+00
3.9304e-01 1.1812e+00
6.1003e-01 1.6601e+00
5.6383e-01 1.5584e+00
1.2072e-01 1.2081e+00
1.7112e-01 1.5915e+00
6.2908e-02 1.2819e+00
1.7705e-01 1.1819e+00
5.1555e-01 1.0556e+00
6.8221e-02 1.3339e+00
4.4543e-02 1.0581e+00
3.3109e-01 1.8877e+00
7.0642e-01 1.4303e+00
5.9952e-01 1.1611e+00
4.1892e-01 1.0844e+00
7.3783e-01 1.6118e+00
1.3253e-01 1.0520e+00
1.1885e-01 1.4323e+00
5.6790e-01 1.2257e+00
4.7717e-01 1.4917e+00
7.9233e-01 1.7346e+00
8.0171e-01 1.6629e+00
4.3486e-01 1.7170e+00
5.8945e-01 1.0522e+00
5.8836e-02 1.7235e+00
3.2492e-01 1.7270e+00
2.6465e-01 1.7739e+00
8.6332e-01 1.8832e+00
8.3599e-01 1.7719e+00
6.0609e-02 1.5712e+00
7.0180e-02 1.8576e+00
4.4271e-01 1.1923e+00
3.7632e-01 1.0579e+00
5.8714e-01 1.7891e+00
7.9170e-01 1.5556e+00
5.4804e-01 1.3194e+00
3.2555e-01 1.0471e+00
3.4744e-01 1.5597e+00
3.2481e-02 1.8964e+00
1.2071e-01 1.7592e+00
1.7290e-01 1.9717e+00
4.7650e-01 1.9172e+00
1.3183e-01 1.6325e+00
1.6614e-01 1.2541e+00
6.5610e-01 1.5897e+00
3.5811e-01 1.3081e+00
5.1251e-01 1.5379e+00
1.6404e-01 1.8103e+00
2.1015e-01 1.4286e+00
6.6930e-01 1.6430e+00
1.6658e-01 1.5415e+00
4.3968e-01 1.1400e+00
8.5828e-01 1.6393e+00
7.5091e-01 1.1892e+00
5.4385e-01 1.8247e+00
6.2285e-01 1.3357e+00
2.8428e-01 1.9055e+00
7.1445e-01 1.8791e+00
8.0560e-01 1.1779e+00
2.7559e-01 1.2716e+00
7.8869e-01 1.5029e+00
8.7258e-01 1.9644e+00
4.5902e-01 1.5417e+00
4.4590e-01 1.8685e+00
1.6138e-01 1.3167e+00
6.0873e-01 1.9706e+00
8.6877e-01 1.8178e+00
5.4755e-01 1.1009e+00
2.9390e-02 1.1154e+00
1.8507e-01 1.8748e+00
1.1544e-01 1.9726e+00
6.8891e-01 1.7600e+00
5.2321e-01 1.2619e+00
5.7850e-01 1.7395e+00
3.2314e-01 1.8348e+00
2.9687e-02 1.3723e+00
7.1306e-01 1.9686e+00
4.5438e-01 1.9745e+00
4.7540e-01 1.7941e+00
6.9196e-01 1.0953e+00
2.7746e-02 1.8265e+00
2.8700e-01 1.5814e+00
6.0568e-01 1.5279e+00
2.7223e-01 1.4655e+00
3.5392e-01 1.6727e+00
7.2650e-01 1.3107e+00
6.7137e-01 1.6963e+00
1.0131e-01 1.8974e+00
4.3046e-01 1.4709e+00
7.1727e-01 1.1513e+00
2.2995e-01 1.9706e+00
7.4658e-01 1.4603e+00
2.2274e-01 1.1020e+00
7.6599e-01 1.0286e+00
2.8333e-02 1.4612e+00
2.7042e-01 1.3620e+00
7.1842e-01 1.5626e+00
7.6587e-01 1.8473e+00
8.8587e-02 1.0272e+00
8.1413e-01 1.8939e+00
4.4039e-01 1.6635e+00
4.3195e-01 1.8200e+00
8.1280e-02 1.6770e+00
6.5121e-01 1.8448e+00
7.4942e-01 1.3574e+00
9.6939e-02 1.3776e+00
1.7211e-01 1.7606e+00
3.1091e-02 1.7709e+00
2.4278e-01 1.6958e+00
5.1184e-01 1.3541e+00
3.5153e-01 1.2100e+00
4.1448e-01 1.0255e+00
7.5096e-01 1.6611e+00
7.4423e-01 1.7503e+00
7.9601e-01 1.8028e+00
6.9700e-01 1.4795e+00
8.7481e-01 1.4765e+00
4.7769e-01 1.7440e+00
