6.0040e+00 1.0132e+01
7.0030e+00 5.3548e+00
2.7041e+00 4.2746e+00
1.1082e+00 8.2255e+00
6.3073e+00 7.5238e+00
2.0207e+00 7.5799e+00
5.8019e+00 6.2250e+00
5.1650e+00 1.0510e+01
7.7932e+00 8.5542e+00
7.2341e+00 6.7981e+00
4.8907e+00 8.2757e+00
6.0005e+00 1.8392e+00
5.5436e+00 4.1576e+00
7.9567e+00 4.2541e+00
5.6794e-01 7.9551e+00
1.3376e+00 6.8766e+00
7.2609e+00 9.3915e+00
6.9699e+00 6.0687e+00
5.2904e+00 9.1910e+00
4.7739e+00 1.6906e+00
6.2980e+00 1.0537e+01
6.9412e+00 4.9558e+00
1.9584e+00 1.0320e+01
1.1406e+00 1.3367e+00
1.2721e+00 1.7911e+00
9.5062e-01 4.1507e+00
4.0200e+00 6.5005e+00
4.3006e+00 1.0776e+01
4.5488e+00 3.0306e+00
5.2786e+00 4.6971e+00
1.6791e+00 3.8863e+00
5.7594e+00 5.0720e+00
6.1939e+00 6.0861e+00
6.4780e+00 2.0484e+00
4.7848e+00 1.0258e+01
7.4101e+00 4.7015e+00
1.8895e+00 5.7398e+00
7.8410e+00 1.0009e+01
8.6227e+00 1.4546e+00
6.4387e+00 1.5831e+00
4.3646e+00 4.1414e+00
2.0178e+00 2.3221e+00
8.9370e-01 1.0248e+01
6.4458e+00 1.0094e+01
2.4994e+00 7.3259e+00
7.7588e+00 6.0989e+00
4.5815e+00 6.5531e+00
2.4652e+00 3.9004e+00
2.0126e+00 1.6794e+00
2.9548e+00 5.5737e+00
5.1044e+00 4.2080e+00
2.1911e+00 6.4097e+00
3.3367e+00 1.0295e+01
6.0728e-01 4.6984e+00
9.2373e+00 1.0518e+01
4.3623e+00 9.0889e+00
4.5691e+00 2.1723e+00
4.0006e+00 3.2650e+00
5.4034e+00 8.0168e+00
1.4106e+00 3.4645e+00
3.1124e+00 6.2852e+00
5.5797e+00 2.4493e+00
2.3900e+00 9.6361e+00
7.5616e+00 3.4371e+00
8.7420e+00 1.0096e+01
6.4661e+00 5.0066e+00
6.4073e+00 3.2481e+00
5.6811e+00 3.0812e+00
6.1589e+00 4.1718e+00
1.8931e+00 9.4828e+00
2.6549e+00 2.3729e+00
7.3633e+00 1.5660e+00
4.8634e+00 9.6867e+00
6.7720e+00 9.5237e+00
7.2573e+00 7.9180e+00
1.0745e+00 5.5132e+00
3.9331e+00 2.0422e+00
3.1780e+00 9.8298e+00
4.2201e+00 7.6211e+00
9.2673e-01 2.4011e+00
7.2514e+00 3.1713e+00
9.5791e-01 6.6278e+00
5.9521e+00 3.4413e+00
8.7853e+00 6.8479e+00
5.0001e+00 3.1483e+00
9.2128e+00 6.7100e+00
6.7693e+00 4.3715e+00
8.4471e+00 5.6029e+00
2.9526e+00 1.3029e+00
5.9163e+00 8.7480e+00
3.0700e+00 7.1107e+00
3.7408e+00 7.5540e+00
9.0954e+00 9.7254e+00
3.5944e+00 2.9132e+00
6.7978e+00 6.9987e+00
7.7501e+00 2.7054e+00
6.3720e+00 6.9673e+00
1.3551e+00 6.1495e+00
8.2205e-01 3.6775e+00
8.1778e+00 7.8178e+00
1.3802e+00 4.1782e+00
6.7300e+00 7.6032e+00
4.6959e+00 5.5684e+00
4.6777e+00 4.6424e+00
1.9964e+00 8.4285e+00
6.7340e+00 8.0526e+00
4.2756e-01 9.5576e+00
1.9826e+00 4.8924e+00
2.0849e+00 2.7512e+00
8.4596e+00 1.0650e+01
3.3584e+00 4.2120e+00
8.8767e+00 5.2266e+00
3.8887e+00 9.4257e+00
3.9915e+00 8.4520e+00
7.1981e+00 1.0007e+01
4.2742e-01 1.7993e+00
5.6706e-01 6.4007e+00
2.3372e+00 3.0643e+00
3.9910e-01 5.0711e+00
4.5402e+00 6.0329e+00
1.4178e+00 1.0288e+01
3.5461e+00 1.8110e+00
2.7473e+00 9.0750e+00
6.1236e+00 5.6486e+00
5.2459e+00 2.0768e+00
3.1511e+00 8.7560e+00
8.2202e+00 6.7807e+00
1.0372e+00 1.0640e+01
9.2481e+00 3.7516e+00
2.3301e+00 9.2355e+00
8.0209e+00 3.6164e+00
2.2101e+00 5.4579e+00
8.4777e+00 3.6596e+00
9.2630e+00 1.4840e+00
8.6097e+00 8.8208e+00
5.4312e-01 1.0523e+01
7.3967e+00 5.5729e+00
2.5736e+00 6.7349e+00
7.1644e+00 2.3509e+00
3.9296e+00 5.9125e+00
3.5069e+00 8.2261e+00
5.1417e+00 7.5141e+00
9.0190e+00 8.3960e+00
2.8768e+00 2.9504e+00
8.6703e+00 4.3374e+00
5.5013e+00 7.2366e+00
3.0804e+00 4.9851e+00
1.0593e+00 9.6654e+00
7.9506e+00 1.9798e+00
8.2012e+00 6.0111e+00
3.6389e+00 2.4292e+00
3.7662e+00 5.3109e+00
3.6141e+00 3.6687e+00
7.8227e+00 1.0776e+01
7.2314e+00 7.4017e+00
1.7394e+00 6.5662e+00
3.1090e+00 9.3902e+00
2.3640e+00 1.3289e+00
6.7020e+00 2.4065e+00
6.1434e+00 7.9656e+00
3.9200e+00 4.1731e+00
5.0638e-01 1.3003e+00
1.5297e+00 2.4353e+00
4.0855e+00 9.8335e+00
8.6600e+00 6.1196e+00
4.3170e+00 3.6200e+00
2.1159e-01 5.4454e+00
7.9996e+00 3.1116e+00
4.7599e-01 7.1579e+00
1.2976e+00 8.6565e+00
2.0834e+00 4.3472e+00
1.3487e+00 9.1642e+00
4.0229e-01 4.0858e+00
2.2804e+00 3.4903e+00
1.2897e+00 5.0953e+00
2.9905e+00 2.0551e+00
2.4897e+00 1.7170e+00
3.9199e+00 4.8195e+00
2.4268e+00 1.0702e+01
8.4078e+00 5.1549e+00
1.0367e+00 2.8641e+00
8.7271e+00 7.6824e+00
4.4910e+00 1.2059e+00
4.9131e+00 2.4729e+00
7.4275e+00 8.9158e+00
4.0908e-01 8.9740e+00
2.8386e+00 1.0230e+01
5.8029e+00 8.2542e+00
1.4722e+00 4.6299e+00
6.5749e+00 5.7697e+00
3.6857e+00 6.9414e+00
8.6944e+00 2.5078e+00
6.4622e+00 8.6371e+00
6.9676e+00 8.8577e+00
4.8992e-01 3.3342e+00
4.4853e+00 8.3869e+00
8.0426e-01 9.3392e+00
7.1022e+00 3.6507e+00
2.9685e-01 9.9571e+00
2.2421e+00 6.9757e+00
2.9828e+00 7.9379e+00
8.0613e+00 1.0421e+01
4.1848e+00 8.0583e+00
5.2187e+00 6.1807e+00
1.1715e+00 7.7268e+00
9.0740e+00 4.6019e+00
7.2049e+00 6.3967e+00
5.8980e+00 9.3536e+00
2.4527e+00 7.8224e+00
8.9501e+00 2.1903e+00
4.7375e+00 5.0566e+00
6.6553e+00 3.6171e+00
2.4865e-01 6.7322e+00
5.2636e+00 1.2296e+00
6.8318e+00 1.0241e+01
6.0179e+00 4.6795e+00
7.7591e+00 7.8759e+00
3.2890e+00 7.4719e+00
6.0817e+00 6.5127e+00
2.4972e+00 8.3215e+00
2.5487e-01 8.4030e+00
6.9206e+00 1.6179e+00
4.1631e+00 1.4520e+00
7.4634e+00 8.2864e+00
7.1306e+00 1.0800e+01
8.9588e+00 3.3386e+00
5.9141e-01 2.9078e+00
8.9358e+00 9.1893e+00
5.4264e+00 8.5983e+00
8.5864e+00 8.3364e+00
8.5757e+00 1.9104e+00
7.7005e+00 6.9132e+00
6.6300e+00 2.8655e+00
8.1622e+00 4.6421e+00
3.1334e+00 1.0766e+01
5.1818e+00 3.6638e+00
3.0159e+00 6.7042e+00
5.3470e+00 5.1321e+00
5.1540e+00 5.5872e+00
8.1579e+00 1.2336e+00
6.6937e+00 6.4298e+00
5.7630e+00 7.7786e+00
2.4613e+00 5.9082e+00
8.2769e+00 2.6443e+00
3.5651e+00 6.3680e+00
1.8445e+00 1.3036e+00
8.6922e+00 4.8384e+00
5.3015e+00 6.7886e+00
7.6686e+00 3.8506e+00
5.2116e-01 5.8152e+00
6.3745e+00 9.3518e+00
4.7810e+00 7.7555e+00
3.4707e+00 4.6378e+00
4.2944e+00 7.0849e+00
8.5477e+00 3.2060e+00
8.4571e+00 9.1942e+00
8.3839e+00 7.4003e+00
5.2859e+00 9.9842e+00
3.4503e+00 5.6964e+00
9.2459e+00 7.7224e+00
2.4865e+00 4.7258e+00
9.2515e+00 4.1804e+00
1.6621e+00 8.0973e+00
3.5189e+00 1.2457e+00
7.9478e+00 9.1098e+00
5.7336e+00 6.8798e+00
1.7918e+00 9.9215e+00
8.1957e+00 9.6251e+00
2.5891e+00 5.2467e+00
8.3026e+00 1.0089e+01
4.9091e+00 7.0458e+00
5.6349e+00 1.5636e+00
3.2826e+00 2.6167e+00
7.9571e+00 5.1727e+00
6.1383e+00 2.4348e+00
8.1877e+00 8.7177e+00
2.0642e+00 8.9003e+00
7.3813e+00 1.0424e+01
8.4626e-01 8.7525e+00
6.2648e+00 3.7473e+00
9.2359e+00 2.5353e+00
8.9469e+00 5.6655e+00
3.5882e+00 9.0871e+00
3.0190e+00 4.5298e+00
9.1397e-01 6.0378e+00
4.0969e-01 2.3131e+00
3.9900e+00 2.7844e+00
4.5166e+00 2.6158e+00
5.5687e+00 9.6448e+00
4.1330e+00 5.5115e+00
1.7158e+00 2.0300e+00
5.5086e+00 1.0752e+01
5.6122e+00 3.6540e+00
4.7780e+00 3.8468e+00
9.3297e-01 7.0709e+00
7.8140e+00 5.5694e+00
1.6735e+00 1.0708e+01
3.9381e+00 1.0388e+01
6.1084e+00 1.3469e+00
8.8918e+00 7.2570e+00
7.9919e+00 6.4350e+00
2.8209e+00 3.4268e+00
7.1241e+00 4.1865e+00
5.1704e+00 2.7817e+00
3.0543e+00 3.9193e+00
4.9479e+00 8.8286e+00
4.3986e+00 9.5704e+00
5.6186e+00 5.5681e+00
2.2916e+00 1.0096e+01
3.8233e+00 1.0781e+01
3.0985e+00 8.3269e+00
1.4183e+00 7.3659e+00
7.9937e+00 7.2453e+00
1.7940e+00 6.9629e+00
9.2178e+00 6.1348e+00
6.0665e+00 9.7235e+00
7.5291e-01 7.5590e+00
7.4899e+00 2.0361e+00
6.7220e+00 1.2453e+00
4.3832e+00 1.7897e+00
6.8789e+00 8.4403e+00
1.4581e+00 2.9971e+00
2.5045e-01 4.5023e+00
1.8570e+00 3.3642e+00
3.5065e+00 9.5654e+00
6.7081e-01 8.3814e+00
3.5952e+00 8.6318e+00
7.4168e+00 5.1234e+00
9.1019e+00 8.8075e+00
5.5578e+00 1.0291e+01
2.0908e+00 7.9946e+00
1.5948e+00 5.4387e+00
9.2662e+00 5.0515e+00
2.8770e-01 7.6378e+00
1.0689e+00 4.5429e+00
7.7128e+00 9.5075e+00
2.4527e+00 8.7533e+00
1.4704e+00 9.5552e+00
8.5618e-01 5.1769e+00
2.5403e-01 6.1480e+00
6.0824e+00 2.8512e+00
6.6706e+00 1.0738e+01
4.8428e+00 9.2838e+00
7.7017e+00 1.2001e+00
8.1840e+00 8.2735e+00
5.2109e+00 1.6271e+00
4.3379e+00 4.8812e+00
9.2718e+00 1.0095e+01
3.5782e+00 9.9623e+00
1.0197e+00 3.2957e+00
4.3461e+00 1.0231e+01
3.2702e+00 3.3111e+00
9.2530e+00 1.8845e+00
7.0616e+00 2.8188e+00
8.3378e+00 4.0472e+00
6.0003e+00 7.2574e+00
8.4680e-01 1.7808e+00
6.8092e+00 3.2461e+00
8.9188e+00 1.0792e+01
9.2920e+00 7.2325e+00
8.8106e+00 3.9295e+00
8.6637e+00 9.5535e+00
4.7448e+00 1.0748e+01
3.9421e+00 8.8513e+00
3.1826e+00 1.6426e+00
6.9239e+00 2.0310e+00
9.1703e+00 2.9558e+00
4.1737e+00 2.3988e+00
7.9207e+00 1.5796e+00
2.8548e+00 7.5527e+00
4.6262e+00 7.3615e+00
5.8647e+00 1.0556e+01
1.7963e+00 6.1687e+00
2.7054e+00 6.2409e+00
2.1457e-01 3.6862e+00
2.8001e+00 9.6767e+00
8.5100e+00 6.4927e+00
8.3052e+00 2.2271e+00
2.0651e-01 2.7858e+00
7.5557e+00 4.3078e+00
4.7268e+00 3.4495e+00
7.1289e+00 1.2314e+00
2.0673e-01 1.0770e+01
6.3903e+00 4.5333e+00
7.6425e+00 7.4731e+00
7.0371e-01 9.8837e+00
1.6905e+00 8.7364e+00
4.9928e+00 6.5288e+00
4.1941e+00 4.5054e+00
9.2984e+00 9.3709e+00
3.3086e+00 5.3162e+00
6.5554e+00 4.0234e+00
1.2039e+00 3.8084e+00
6.1391e+00 5.2464e+00
9.2958e+00 5.4622e+00
7.5893e+00 6.5088e+00
7.3749e+00 5.9801e+00
8.9589e+00 1.2020e+00
6.5976e+00 9.0140e+00
5.6536e+00 2.0542e+00
8.9364e+00 6.4201e+00
2.3564e+00 2.0973e+00
