1.4646e+00 4.4382e+00
1.6321e+00 2.6767e+00
2.6237e+00 3.9499e+00
1.1040e+00 5.4364e+00
1.3898e+00 1.8900e+00
2.4094e+00 6.1816e+00
2.3236e+00 3.2093e+00
1.5015e+00 1.6060e+00
4.8986e-01 6.4670e+00
5.8472e-01 6.7001e+00
1.6440e-01 4.8984e+00
2.8800e+00 1.3243e+00
7.7715e-01 2.2263e+00
2.3642e+00 2.3989e+00
2.5338e+00 1.5514e+00
1.6336e+00 2.3818e+00
2.8544e+00 3.5399e+00
5.0868e-01 1.3298e+00
1.9671e+00 1.9700e+00
1.0132e-01 5.5535e+00
1.2000e+00 1.9598e+00
1.9470e+00 3.0189e+00
1.9421e+00 1.3117e+00
1.7666e+00 5.1319e+00
7.0990e-01 2.4744e+00
1.4742e+00 6.7404e+00
2.4265e+00 4.5906e+00
1.9494e+00 6.6284e+00
8.2239e-01 1.8860e+00
2.7511e-01 3.0812e+00
9.6505e-01 3.3606e+00
2.0919e-01 6.4377e+00
2.3910e+00 6.8238e+00
5.7685e-01 5.0018e+00
2.4735e+00 3.4012e+00
1.0174e+00 5.9048e+00
1.4443e+00 4.7505e+00
2.7523e+00 4.7381e+00
1.9743e-01 2.6800e+00
2.6373e+00 3.0445e+00
2.8430e+00 3.9570e+00
8.2044e-01 3.6532e+00
2.4865e-01 4.3263e+00
1.3829e+00 6.1720e+00
2.5931e+00 3.7116e+00
9.2542e-01 5.3124e+00
5.0463e-01 4.1962e+00
2.0246e+00 3.6510e+00
2.8244e+00 2.4957e+00
1.6363e-01 1.7628e+00
3.2113e-01 3.4053e+00
1.0837e+00 1.1859e+00
1.3081e+00 2.6158e+00
2.3799e+00 5.3576e+00
1.2043e+00 5.7738e+00
1.1160e+00 6.1602e+00
1.1435e+00 3.7012e+00
2.0516e+00 2.1978e+00
4.9383e-01 1.1221e+00
2.2454e+00 4.1117e+00
4.8696e-01 2.0197e+00
2.3285e+00 2.7234e+00
3.3225e-01 4.6023e+00
1.5262e+00 3.6977e+00
8.5047e-01 4.4010e+00
5.6266e-01 5.6815e+00
1.0645e+00 4.4717e+00
8.1520e-01 3.8955e+00
6.9656e-01 3.0561e+00
2.2640e+00 3.8748e+00
8.5999e-01 6.8704e+00
2.8790e+00 2.0806e+00
1.8644e+00 4.1692e+00
1.5105e+00 5.5604e+00
3.6419e-01 5.7886e+00
2.4547e+00 4.2218e+00
8.6051e-01 4.0913e+00
1.6645e+00 2.8959e+00
2.2409e-01 5.9403e+00
2.5774e+00 5.8763e+00
2.7977e+00 4.4343e+00
1.0922e+00 6.8690e+00
2.0607e+00 2.6091e+00
1.0638e-01 6.1528e+00
1.3171e+00 3.5720e+00
1.7340e+00 1.7111e+00
2.8761e+00 6.0802e+00
1.3269e+00 2.8789e+00
2.7218e+00 6.4370e+00
3.7538e-01 6.3015e+00
1.7021e+00 1.2332e+00
2.8053e+00 1.6866e+00
9.7185e-01 6.6284e+00
2.2374e+00 6.4996e+00
5.0251e-01 4.7099e+00
2.8503e+00 5.2484e+00
7.9134e-01 5.5085e+00
2.6324e+00 6.6463e+00
2.7338e-01 1.3610e+00
8.1657e-01 4.8140e+00
7.3195e-01 5.9231e+00
7.1574e-01 1.5565e+00
1.1482e+00 2.7716e+00
2.1917e+00 5.7011e+00
1.6446e+00 5.8406e+00
1.4909e+00 1.3133e+00
2.7254e+00 1.4837e+00
2.1724e+00 1.9186e+00
1.6845e+00 4.3504e+00
2.0229e+00 3.2895e+00
2.7921e+00 5.8651e+00
3.6878e-01 1.8380e+00
1.2232e+00 3.1826e+00
1.0019e+00 5.6795e+00
2.1005e+00 5.3965e+00
1.7565e-01 1.1726e+00
9.2450e-01 5.0879e+00
2.2675e+00 3.5376e+00
2.0793e+00 4.3077e+00
1.5594e+00 5.2827e+00
6.9029e-01 4.5664e+00
1.8663e+00 6.2807e+00
1.0475e+00 4.8653e+00
1.9227e+00 5.7618e+00
1.8067e+00 2.1848e+00
2.8770e+00 2.8156e+00
1.9248e+00 3.9461e+00
1.1072e+00 1.4881e+00
2.3702e+00 2.1871e+00
9.0122e-01 6.1254e+00
1.5340e+00 3.9797e+00
1.0423e+00 2.9426e+00
2.1317e+00 1.4250e+00
2.2238e+00 3.0222e+00
1.6859e+00 6.6152e+00
1.3739e+00 2.1035e+00
2.7587e+00 5.4495e+00
1.3133e+00 4.2370e+00
2.3062e+00 1.2363e+00
7.3093e-01 6.3288e+00
2.4675e+00 4.8061e+00
2.0554e+00 4.9384e+00
1.9284e+00 6.0635e+00
2.0167e+00 1.1049e+00
1.7288e+00 3.5980e+00
5.5362e-01 6.1653e+00
1.1557e+00 4.6525e+00
2.2207e+00 4.6157e+00
2.2823e+00 4.4025e+00
1.9329e+00 4.5984e+00
1.9588e+00 2.8022e+00
8.8033e-01 2.6105e+00
4.0399e-01 2.2676e+00
2.1208e+00 6.3112e+00
8.8521e-01 1.4317e+00
2.1484e+00 1.6758e+00
7.9632e-01 2.8462e+00
1.5817e+00 2.1378e+00
1.2074e+00 6.4517e+00
1.2934e+00 1.2221e+00
8.0216e-01 1.2412e+00
2.5349e+00 1.7632e+00
2.2861e+00 5.0878e+00
1.5403e+00 5.0562e+00
1.4080e+00 5.7650e+00
5.8133e-01 3.4708e+00
1.0870e-01 3.5283e+00
1.0184e+00 2.3964e+00
2.7383e-01 5.4485e+00
3.9414e-01 2.7447e+00
1.6457e+00 6.2541e+00
2.5614e+00 5.6224e+00
2.1997e+00 6.7447e+00
5.6833e-01 3.6893e+00
2.6002e+00 1.1002e+00
2.2257e+00 5.9701e+00
1.7871e+00 4.8878e+00
1.1712e+00 5.1459e+00
1.6418e+00 3.3890e+00
2.6244e+00 2.7611e+00
6.2732e-01 5.2046e+00
2.7084e-01 3.8099e+00
1.8579e+00 5.3914e+00
9.1144e-01 4.6214e+00
3.4534e-01 5.0129e+00
2.6351e+00 6.2341e+00
2.2423e+00 4.8387e+00
4.8190e-01 1.6679e+00
1.4350e+00 3.3021e+00
2.7957e-01 6.6849e+00
1.9049e+00 6.8347e+00
1.3744e-01 3.2831e+00
1.9697e+00 5.1365e+00
1.2775e+00 1.6101e+00
2.6525e+00 2.0115e+00
2.5788e+00 5.0078e+00
1.0805e+00 1.7172e+00
2.6848e+00 3.3915e+00
1.3084e+00 5.4009e+00
1.7224e+00 3.1280e+00
1.6133e+00 4.6251e+00
6.9242e-01 3.2742e+00
1.2545e+00 4.8336e+00
2.6024e+00 5.3222e+00
2.4550e-01 2.4169e+00
4.2008e-01 5.3041e+00
2.3148e-01 5.2190e+00
2.8580e+00 5.0252e+00
1.1682e-01 4.0480e+00
1.7933e+00 1.4819e+00
4.4130e-01 6.8959e+00
5.1055e-01 5.9628e+00
2.8611e+00 6.6935e+00
4.6404e-01 4.4251e+00
1.7047e+00 1.9230e+00
1.5593e+00 6.0622e+00
1.3214e+00 3.8566e+00
1.4870e+00 6.4212e+00
9.5948e-01 2.1409e+00
2.5946e+00 6.8573e+00
1.2009e-01 4.6943e+00
1.0507e+00 4.2298e+00
2.8699e+00 3.0841e+00
2.5720e+00 1.3376e+00
7.0426e-01 4.2557e+00
1.0637e+00 3.9818e+00
2.6055e+00 2.5263e+00
1.7658e+00 3.8227e+00
1.0430e-01 2.0752e+00
1.2690e+00 5.9734e+00
4.9892e-01 2.9596e+00
1.9249e+00 2.3615e+00
1.3683e+00 2.3497e+00
1.0694e-01 1.4843e+00
2.4524e+00 6.4851e+00
4.5460e-01 2.4859e+00
1.1779e+00 6.6556e+00
1.7680e+00 5.5824e+00
1.2097e+00 3.4024e+00
2.8102e+00 4.2264e+00
6.4580e-01 2.7108e+00
1.9324e+00 1.6440e+00
1.2947e+00 6.8895e+00
2.6416e+00 2.2225e+00
2.8388e+00 5.6550e+00
9.9556e-01 6.3372e+00
5.1895e-01 3.9280e+00
1.8299e+00 2.5406e+00
2.8284e+00 3.7474e+00
1.2849e-01 2.9319e+00
1.3719e+00 5.1870e+00
2.8745e-01 1.5858e+00
2.8696e+00 3.2874e+00
9.4414e-01 3.1379e+00
2.4073e+00 1.9753e+00
1.1555e+00 2.2420e+00
2.8549e+00 1.1134e+00
1.5020e-01 6.8974e+00
1.0402e-01 5.7650e+00
1.7010e+00 6.8708e+00
2.8676e+00 6.2854e+00
2.3502e+00 1.6461e+00
6.0810e-01 1.8313e+00
2.8837e+00 2.2964e+00
7.6810e-01 6.6105e+00
4.7707e-01 5.4968e+00
1.4872e+00 3.0637e+00
2.4294e+00 4.0168e+00
2.3926e+00 5.7576e+00
7.7704e-01 5.7274e+00
8.8722e-01 1.6657e+00
4.3829e-01 3.2355e+00
3.2454e-01 4.0041e+00
1.8979e+00 3.4693e+00
2.5922e+00 4.4725e+00
1.0370e-01 4.4653e+00
2.4221e+00 2.9258e+00
1.4907e+00 1.1107e+00
3.7888e-01 3.6019e+00
2.8307e+00 6.8986e+00
1.5215e+00 4.1871e+00
2.3904e+00 3.6966e+00
2.1638e+00 2.3804e+00
2.3359e+00 5.5560e+00
1.8901e+00 4.4007e+00
2.3461e+00 1.4369e+00
2.8580e+00 1.8802e+00
6.4867e-01 6.8944e+00
3.5990e-01 6.1018e+00
6.8687e-01 2.0434e+00
1.9942e+00 5.5708e+00
1.2636e+00 4.4318e+00
7.8349e-01 3.4529e+00
9.9756e-01 3.5601e+00
2.1569e+00 2.8305e+00
1.4833e+00 2.5179e+00
1.1122e+00 2.5731e+00
1.0026e-01 2.2763e+00
2.4666e+00 5.1749e+00
1.7303e+00 4.0203e+00
1.2551e+00 4.0456e+00
