5.0613e-01 1.4922e+00
9.4638e-01 1.4284e+00
1.9216e+00 1.4604e+00
2.3913e+00 1.3659e+00
3.2630e+00 1.2500e+00
4.0526e+00 1.4479e+00
4.6522e+00 1.3039e+00
4.4540e-01 2.1808e+00
1.1084e+00 2.1581e+00
1.7027e+00 2.1597e+00
2.4249e+00 2.1238e+00
3.1557e+00 1.9417e+00
3.9693e+00 2.0159e+00
4.7046e+00 2.1756e+00
2.9296e-01 2.8757e+00
1.1025e+00 2.8115e+00
1.7179e+00 2.8560e+00
2.6216e+00 2.9420e+00
3.3665e+00 2.8371e+00
3.8120e+00 2.8096e+00
4.8010e+00 2.8279e+00
4.3111e-01 3.5468e+00
1.0337e+00 3.5825e+00
1.7613e+00 3.4164e+00
2.6354e+00 3.4889e+00
3.1224e+00 3.3708e+00
3.8406e+00 3.5852e+00
4.5451e+00 3.6518e+00
4.5377e-01 4.0809e+00
9.3939e-01 4.3420e+00
1.7551e+00 4.2630e+00
2.5117e+00 4.1031e+00
3.2077e+00 4.3684e+00
3.8952e+00 4.3061e+00
4.7813e+00 4.1229e+00
4.5233e-01 4.8591e+00
1.2151e+00 4.8143e+00
1.7040e+00 5.0334e+00
2.4110e+00 5.0214e+00
3.2122e+00 5.0664e+00
3.9976e+00 5.1093e+00
4.7176e+00 5.0139e+00
4.7773e-01 5.7573e+00
9.2890e-01 5.5843e+00
1.7133e+00 5.5913e+00
2.4116e+00 5.7605e+00
3.1811e+00 5.6519e+00
3.9232e+00 5.7345e+00
4.7125e+00 5.6114e+00
2.8833e-01 6.4146e+00
1.1655e+00 6.3748e+00
1.9105e+00 6.2619e+00
2.6227e+00 6.3423e+00
3.3425e+00 6.3308e+00
3.9014e+00 6.4294e+00
4.8377e+00 6.3824e+00
3.6711e-01 7.1261e+00
9.5592e-01 6.9975e+00
1.6545e+00 7.0358e+00
2.6518e+00 7.1145e+00
3.1659e+00 7.2561e+00
4.0076e+00 6.9683e+00
4.8093e+00 7.2669e+00
5.0794e-01 7.9707e+00
9.6384e-01 7.9711e+00
1.9450e+00 7.8019e+00
2.3930e+00 7.8944e+00
3.1209e+00 7.8447e+00
4.0918e+00 7.9164e+00
4.6031e+00 7.8064e+00
2.0625e-01 8.6791e+00
1.0083e+00 8.6113e+00
1.8088e+00 8.6894e+00
2.6780e+00 8.7034e+00
3.3674e+00 8.5653e+00
4.0904e+00 8.5142e+00
4.7294e+00 8.4449e+00
2.7978e-01 9.2889e+00
1.1955e+00 9.4316e+00
1.7141e+00 9.2192e+00
2.5442e+00 9.2165e+00
3.3132e+00 9.2077e+00
4.1192e+00 9.4167e+00
4.7250e+00 9.2880e+00
4.3861e-01 1.0011e+01
1.1896e+00 9.9559e+00
1.8172e+00 9.9169e+00
2.6574e+00 9.9499e+00
3.2969e+00 9.9720e+00
4.0994e+00 9.9100e+00
4.6772e+00 9.8688e+00
4.6450e-01 1.0566e+01
9.3716e-01 1.0867e+01
1.9084e+00 1.0657e+01
2.6589e+00 1.0857e+01
3.2984e+00 1.0624e+01
3.8637e+00 1.0799e+01
4.5866e+00 1.0701e+01
