8.0963e-01 6.6835e+00
1.6661e+00 3.9667e+00
3.1536e+00 5.5067e+00
1.9945e+00 3.5282e+00
1.7738e+00 1.1811e+00
3.2866e+00 5.7203e+00
1.4912e+00 1.8599e+00
3.0973e+00 6.8874e+00
1.1916e-01 2.0636e+00
3.0475e+00 6.1054e+00
7.8422e-01 5.2552e+00
2.0303e+00 3.7445e+00
1.8759e+00 5.7595e+00
1.6648e+00 5.8323e+00
5.9623e-01 2.3774e+00
3.3574e+00 1.8059e+00
2.0584e+00 1.3100e+00
8.7626e-01 4.7128e+00
2.1301e+00 2.3993e+00
2.2286e+00 2.6988e+00
3.0036e+00 4.2905e+00
1.0105e+00 5.4007e+00
3.8981e+00 1.6822e+00
5.9908e-01 2.0206e+00
1.8377e+00 3.0301e+00
3.5846e+00 4.7408e+00
9.0908e-01 3.0960e+00
1.4797e+00 4.9622e+00
2.8080e+00 6.7926e+00
3.3304e+00 6.2612e+00
2.1504e+00 5.6977e+00
1.5627e+00 3.2581e+00
1.2311e+00 4.4347e+00
1.4866e+00 4.4403e+00
8.3868e-01 4.3337e+00
1.1821e+00 1.5731e+00
3.7172e+00 4.0683e+00
2.6119e+00 2.0585e+00
1.9164e+00 3.2577e+00
5.4305e-01 6.4487e+00
3.5208e+00 4.4818e+00
1.8163e+00 1.5793e+00
3.7106e+00 2.7319e+00
3.4205e+00 2.0035e+00
9.6257e-01 6.2673e+00
1.2248e+00 5.3285e+00
1.4638e+00 1.2740e+00
2.1290e+00 4.0099e+00
3.7516e+00 5.2320e+00
3.2572e+00 5.0811e+00
1.2706e+00 2.5803e+00
3.0108e+00 2.9032e+00
3.5883e+00 6.4311e+00
1.1600e+00 3.9730e+00
2.8453e+00 6.0310e+00
4.3345e-01 1.3932e+00
5.0845e-01 3.4374e+00
1.3001e+00 6.2238e+00
3.3316e+00 3.7818e+00
1.4662e+00 3.8740e+00
1.5760e+00 2.4182e+00
1.4754e+00 4.1193e+00
1.8106e+00 1.8061e+00
1.8094e+00 5.4662e+00
9.2309e-01 1.3567e+00
3.5799e+00 2.3573e+00
1.3958e+00 6.8789e+00
4.1241e-01 6.2048e+00
2.6564e+00 2.6752e+00
1.3911e-01 4.9093e+00
4.9961e-01 3.2261e+00
1.5281e-01 5.2282e+00
1.6050e+00 2.6728e+00
2.3858e+00 3.6534e+00
3.8343e+00 4.2410e+00
3.4688e+00 3.6031e+00
1.0780e+00 2.7071e+00
1.7776e+00 3.6609e+00
1.8971e+00 2.5537e+00
2.8364e+00 3.7528e+00
2.7293e+00 1.6124e+00
2.7996e+00 5.0811e+00
1.4136e+00 4.6702e+00
8.4314e-01 2.7035e+00
2.3457e+00 4.5606e+00
2.6064e+00 1.2772e+00
6.6605e-01 1.2152e+00
6.6820e-01 5.0110e+00
1.3659e+00 5.9135e+00
2.1524e+00 1.6287e+00
2.4014e+00 6.5232e+00
3.7489e+00 1.9309e+00
3.1995e+00 6.5789e+00
1.8201e+00 6.0358e+00
2.3500e+00 5.3066e+00
1.0680e-01 3.7181e+00
2.2260e+00 6.6300e+00
3.2638e+00 2.1388e+00
4.2666e-01 3.9541e+00
3.2523e+00 4.0951e+00
2.6856e+00 2.3350e+00
1.0588e+00 2.4774e+00
3.6999e-01 1.6007e+00
1.2577e+00 6.6831e+00
3.6882e+00 3.8136e+00
3.1669e+00 4.8606e+00
1.4693e-01 5.6831e+00
1.5808e+00 2.1403e+00
1.6936e+00 6.5629e+00
2.2633e+00 3.4308e+00
2.9555e+00 3.1009e+00
3.1986e+00 3.5347e+00
3.4707e+00 3.1708e+00
3.6031e+00 5.5346e+00
2.7301e+00 4.4974e+00
3.5056e+00 6.8163e+00
3.8270e+00 1.1010e+00
2.3627e+00 1.8866e+00
8.5432e-01 3.9342e+00
1.5698e+00 3.6573e+00
3.4314e+00 2.6873e+00
2.0322e+00 4.6380e+00
3.3199e+00 3.3736e+00
2.6295e+00 5.9302e+00
2.4935e+00 1.4561e+00
3.7822e+00 6.1228e+00
2.7959e+00 4.2352e+00
1.9260e-01 1.2066e+00
9.2694e-01 3.5281e+00
6.1309e-01 5.5388e+00
1.4737e+00 5.5471e+00
3.1887e+00 5.9464e+00
3.6726e+00 1.7124e+00
1.4361e+00 5.3302e+00
7.0778e-01 6.0058e+00
1.1093e+00 5.9098e+00
3.7056e+00 5.8652e+00
2.6943e+00 5.5222e+00
1.0321e+00 4.9050e+00
3.2959e-01 2.7247e+00
3.0409e-01 4.3784e+00
7.0639e-01 3.0298e+00
3.1277e+00 1.1981e+00
3.0243e+00 4.6730e+00
1.4458e+00 2.8838e+00
3.9952e-01 4.7632e+00
1.1296e+00 3.7345e+00
3.8400e+00 4.7687e+00
1.1795e+00 3.2949e+00
1.7666e+00 5.2075e+00
1.5969e+00 3.0445e+00
2.8931e+00 6.4279e+00
4.4360e-01 5.2393e+00
3.1682e+00 3.0762e+00
2.7956e+00 3.2689e+00
1.8458e+00 6.4285e+00
2.0875e+00 2.0670e+00
2.8469e+00 1.4324e+00
2.3723e+00 4.2382e+00
3.8811e+00 2.6060e+00
1.9658e+00 6.7203e+00
3.3933e+00 2.9545e+00
4.2587e-01 5.8576e+00
1.8849e+00 5.0309e+00
3.7692e+00 5.6602e+00
1.5290e+00 1.4943e+00
3.8155e+00 3.3317e+00
1.0992e+00 2.1279e+00
3.8241e+00 6.5366e+00
6.9893e-01 4.5560e+00
2.0978e+00 5.4797e+00
2.1805e+00 6.1522e+00
2.2531e+00 5.1055e+00
2.2505e+00 4.8839e+00
5.8383e-01 1.6316e+00
9.8776e-01 5.7476e+00
3.3574e+00 4.7103e+00
9.9068e-01 6.5568e+00
1.9343e+00 4.1701e+00
2.9098e+00 4.8999e+00
2.1886e+00 4.3746e+00
1.5163e+00 6.3398e+00
1.8856e+00 2.1913e+00
7.1407e-01 4.1068e+00
1.3606e+00 3.5959e+00
2.4543e+00 5.0058e+00
7.3306e-01 3.6753e+00
1.9330e+00 2.8518e+00
3.6903e+00 1.4132e+00
2.5596e+00 3.3849e+00
3.6151e+00 5.0511e+00
2.5091e+00 6.8328e+00
3.0989e+00 1.6003e+00
3.0379e+00 5.1079e+00
1.9728e+00 6.2484e+00
2.8106e+00 2.0299e+00
1.2580e+00 2.3365e+00
2.8391e-01 6.0398e+00
2.1234e+00 3.1128e+00
3.2253e-01 6.5542e+00
2.9910e+00 1.8127e+00
1.2262e+00 1.7774e+00
2.2211e+00 1.1802e+00
3.4062e+00 1.2489e+00
1.6087e+00 4.7789e+00
2.4459e+00 6.1656e+00
5.6582e-01 4.3395e+00
3.8780e+00 4.5048e+00
1.7248e+00 4.6134e+00
1.6573e-01 3.0684e+00
2.4378e+00 2.4323e+00
2.8393e+00 3.5015e+00
3.8278e+00 6.8148e+00
1.0040e-01 2.3571e+00
3.1852e+00 2.5109e+00
3.5997e+00 1.1482e+00
4.4753e-01 2.1821e+00
1.2520e+00 4.2304e+00
1.1263e+00 1.3392e+00
3.3267e-01 5.4523e+00
3.4302e+00 3.9702e+00
2.4172e+00 2.8648e+00
3.3545e-01 1.9708e+00
2.1777e-01 4.0829e+00
1.6102e-01 1.7939e+00
3.4287e+00 5.3286e+00
2.5651e+00 1.7917e+00
3.5211e+00 5.7381e+00
3.1065e-01 3.5008e+00
2.2895e+00 6.8701e+00
7.7293e-01 3.3328e+00
2.9292e+00 5.5844e+00
1.2939e+00 5.0960e+00
1.2975e-01 2.5836e+00
2.7155e+00 6.5483e+00
2.1893e+00 5.9329e+00
3.3428e-01 5.0098e+00
2.1572e+00 2.8976e+00
2.5598e+00 3.1229e+00
8.5679e-01 2.3047e+00
6.6565e-01 2.8179e+00
2.0904e+00 6.4583e+00
2.3187e-01 3.3044e+00
2.9904e+00 3.9581e+00
1.1498e+00 6.3639e+00
3.2939e+00 1.4726e+00
3.8938e-01 3.7339e+00
1.8497e+00 4.3962e+00
3.5090e-01 6.8262e+00
3.0465e+00 3.6999e+00
3.5375e+00 6.1781e+00
9.6403e-01 1.9741e+00
2.8962e+00 2.3723e+00
1.6072e+00 6.7787e+00
2.9881e+00 5.8293e+00
3.2426e+00 4.3660e+00
2.3973e+00 5.6747e+00
2.6069e+00 4.0987e+00
2.7711e+00 1.1207e+00
3.7741e+00 3.0059e+00
3.4309e+00 4.9279e+00
3.1517e+00 2.7147e+00
3.8800e+00 2.2587e+00
1.2531e-01 4.5042e+00
2.6417e+00 5.3024e+00
3.6739e-01 2.5083e+00
2.7979e+00 2.9095e+00
3.8903e+00 5.0827e+00
9.7125e-01 1.1222e+00
3.6525e+00 3.5191e+00
2.6258e+00 3.7314e+00
2.3266e+00 3.1142e+00
1.2438e+00 4.7809e+00
3.8826e+00 3.6623e+00
2.6648e+00 5.7221e+00
8.5673e-01 1.6120e+00
8.0939e-01 1.8184e+00
1.7332e+00 3.4223e+00
2.9645e+00 5.3207e+00
1.3289e+00 2.1002e+00
2.9881e+00 2.5617e+00
2.5281e+00 4.4532e+00
3.0604e+00 2.0022e+00
7.5127e-01 5.7008e+00
3.1090e+00 6.3498e+00
1.1299e-01 1.4715e+00
1.0842e+00 5.1287e+00
9.8859e-01 4.4773e+00
1.8970e+00 3.9566e+00
8.0389e-01 6.4435e+00
1.1406e+00 6.8933e+00
1.2344e+00 1.1048e+00
2.3503e+00 2.1757e+00
1.2026e-01 6.8266e+00
1.2664e+00 5.7396e+00
3.5307e+00 4.1808e+00
6.1197e-01 4.7808e+00
3.8175e-01 1.1380e+00
1.2978e+00 3.1023e+00
2.1140e+00 1.8471e+00
2.0558e+00 5.1683e+00
4.2178e-01 4.1831e+00
3.3961e+00 5.5468e+00
1.4449e+00 6.5637e+00
4.4554e-01 2.9214e+00
2.4119e+00 5.9287e+00
2.4422e+00 3.8687e+00
2.6543e+00 4.9062e+00
7.3559e-01 2.5269e+00
2.7865e+00 3.9979e+00
3.0867e+00 3.3426e+00
1.6190e+00 4.2858e+00
1.5584e+00 6.0151e+00
1.9390e-01 6.2891e+00
2.9987e+00 6.6753e+00
1.7020e+00 1.9790e+00
3.8972e+00 6.3014e+00
2.6556e+00 4.6835e+00
2.6051e+00 6.3060e+00
3.6123e+00 2.1039e+00
1.0308e+00 4.2061e+00
2.4376e+00 4.7933e+00
3.4639e+00 6.6019e+00
1.1099e+00 3.0234e+00
3.2005e+00 5.3116e+00
8.2204e-01 5.4853e+00
9.2397e-01 6.8921e+00
3.6911e+00 2.5267e+00
3.5090e+00 1.5120e+00
3.8974e+00 1.3235e+00
3.8693e+00 3.8986e+00
2.4135e+00 1.1033e+00
3.8806e+00 5.4523e+00
9.0946e-01 6.0014e+00
2.2715e+00 1.3906e+00
1.1930e-01 5.4628e+00
2.2711e+00 6.3599e+00
1.6791e+00 4.9976e+00
3.3987e+00 5.9113e+00
1.8539e+00 1.3717e+00
2.0374e+00 4.8604e+00
1.0071e+00 1.7682e+00
5.7096e-01 6.8082e+00
3.4048e+00 2.4652e+00
3.8991e+00 5.9309e+00
6.4414e-01 3.9028e+00
6.6734e-01 1.4225e+00
3.8584e-01 5.6578e+00
4.6638e-01 1.8191e+00
3.0909e+00 2.2551e+00
1.7738e+00 6.8916e+00
1.7436e+00 6.2456e+00
3.0577e+00 1.3903e+00
2.7993e+00 6.2504e+00
3.8890e+00 2.8326e+00
1.6208e+00 1.6987e+00
2.3450e+00 1.6842e+00
1.0316e-01 6.5982e+00
4.8532e-01 4.5705e+00
1.2343e+00 2.8636e+00
1.7230e+00 2.8631e+00
1.1289e+00 6.1188e+00
1.3352e-01 2.7905e+00
1.3284e+00 1.4356e+00
2.4764e+00 5.4696e+00
7.3302e-01 6.2233e+00
1.1954e+00 5.5310e+00
8.6314e-01 5.0594e+00
1.1755e+00 3.5031e+00
3.2891e+00 6.7951e+00
5.4612e-01 2.5996e+00
1.0830e-01 5.9221e+00
9.5071e-01 2.8756e+00
3.1913e+00 4.5606e+00
1.8420e+00 4.8136e+00
1.0805e-01 4.2962e+00
1.0811e+00 4.6644e+00
7.8830e-01 2.1004e+00
1.5718e+00 1.1001e+00
1.4079e+00 3.3875e+00
2.2246e+00 3.8191e+00
2.9311e+00 4.4827e+00
2.7709e+00 1.8136e+00
2.4282e+00 2.6636e+00
3.6530e+00 6.6794e+00
2.3949e-01 3.8716e+00
2.0347e+00 1.1014e+00
1.3914e+00 1.6403e+00
3.7034e+00 4.3958e+00
9.7906e-01 3.3282e+00
2.0842e+00 6.8938e+00
2.1032e-01 4.6910e+00
9.2411e-01 3.7390e+00
3.5252e+00 3.3639e+00
1.5446e+00 5.1564e+00
1.6689e+00 5.6087e+00
2.1866e+00 3.6197e+00
1.0341e-01 3.4577e+00
1.7750e+00 2.3667e+00
3.6704e+00 3.1839e+00
1.6315e+00 5.3740e+00
2.9641e-01 2.3161e+00
1.9031e+00 1.9834e+00
3.5939e+00 2.9045e+00
2.8569e+00 2.7161e+00
2.3357e+00 4.0414e+00
1.4822e+00 5.7495e+00
