0.47469000000033396
0.4759400000003352
0.49179000000035106
0.4992300000003585
0.5015000000003524
0.5021300000003496
0.5031200000003451
0.517210000000281
0.5175300000002795
0.5390900000001814
0.5403500000001756
0.5413300000001712
0.5497400000001329
0.5508900000001277
0.5634100000000707
0.5723000000000302
0.5730300000000269
0.5790299999999996
0.5793999999999979
0.5845999999999743
0.5907299999999464
0.5917799999999416
0.6063099999998754
0.6111299999998535
0.6178199999998231
0.6208399999998093
0.625519999999788
0.6262399999997847
0.6321999999997576
0.6338499999997501
0.6455499999996969
0.654969999999654
0.6602899999996298
0.6675099999995969
0.6694899999995879
0.6739499999995676
0.6761899999995574
0.6922399999994844
0.6939799999994765
0.6967499999994639
0.6969499999994629
0.7038799999994314
0.7163499999993747
0.7165899999993736
0.7198099999993589
0.724399999999338
0.729449999999315
0.7303899999993108
0.7388399999992723
0.7518199999992132
0.7536599999992049
0.7559599999991944
0.7662399999991476
0.7684999999991373
0.7751099999991072
0.7846499999990638
0.7904499999990374
0.7986999999989999
0.8183099999989106
0.8190599999989072
0.8206199999989001
0.8313499999988513
0.8328899999988443
0.8411399999988067
0.8461899999987837
0.8623499999987102
0.8628899999987077
0.8712599999986697
0.873829999998658
0.87558999999865
0.8895999999985862
0.9030199999985251
0.9370099999983704
0.9456499999983311
0.9972299999980964
0.9973999999980956
0.9998999999980842
1.0123699999981648
1.0388399999983382
1.0430399999983657
1.0686599999985336
1.0716499999985531
1.1034099999987612
1.1149399999988368
1.1530299999990863
1.170549999999201
1.189619999999326
1.199529999999391
1.2031799999994148
1.2208399999995305
1.225199999999559
1.2386999999996475
1.2487499999997134
1.3350700000002789
1.350350000000379
1.3525300000003933
1.3603300000004444
1.3664800000004846
1.382250000000588
1.3880100000006257
1.3919300000006514
1.401810000000716
1.4058900000007428
1.4484300000010215
1.4512700000010401
1.4672000000011445
1.4693100000011583
1.4861600000012687
