0.0 0.0
0.01000999999999976 0.014462351542234938
0.020019999999999354 0.05784043672484002
0.030029999999998946 0.13010193917981153
0.04004000000000159 0.2312881409388272
0.05005000000000465 0.36139904892568653
0.06006000000000772 0.519668101830381
0.07007000000000553 0.7062444723560221
0.08008000000000165 0.920760914868639
0.09008999999999777 1.1641999819250177
0.10009999999999389 1.4365230664985582
0.11010999999999001 1.7377633615572563
0.12011999999998613 2.0679283603973118
0.13012999999998937 2.425137284400312
0.14013999999999938 2.8107488836454224
0.1501500000000094 3.222189147521741
0.1601600000000194 3.668286748474907
0.1701700000000294 4.126745809589095
0.18018000000003942 4.620636944235723
0.19019000000004943 5.140786935272788
0.20020000000005944 5.673451509857347
0.21021000000006945 6.24853137796993
0.22022000000007946 6.849958973668288
0.23023000000008947 7.474854170122284
0.24024000000009949 8.128318061891967
0.2502500000001095 8.783675022819734
0.2602600000001195 9.475365192039837
0.2702700000001295 10.233713549797937
0.28028000000013953 10.931914251529125
0.29029000000014954 11.736301403696183
0.30030000000015955 12.50658808997274
0.31031000000016956 13.3365855361338
0.32032000000017957 14.09704503360554
0.3303300000001896 14.9167627596716
0.3403400000001996 15.807081556732067
0.3503500000002096 16.73838486524172
0.3603600000002196 17.68172711687653
0.3703700000002296 18.575687697484135
0.38038000000023964 19.497424010804675
0.39039000000024965 20.4727329450505
0.40040000000025966 21.34795519002088
0.41041000000026967 22.346229946659548
0.4204200000002797 23.395111021516605
0.4304300000002897 24.45320260025053
0.4404400000002997 25.51446068080883
0.4504500000003097 26.573669578377878
0.4604600000003197 27.62192918654025
0.47047000000032974 28.80464689368621
0.48048000000033975 29.56877651792353
0.49049000000034976 30.77527651995072
0.500500000000357 31.74022766414496
0.5105100000003114 32.36371524600894
0.5205200000002659 33.08189536357444
0.5305300000002203 33.96803198407494
0.5405400000001748 34.8351597103877
0.5505500000001292 35.68856881601914
0.5605600000000837 36.561495517070895
0.5705700000000381 37.396219693486934
0.5805799999999925 37.972554709316874
0.590589999999947 38.90060406935905
0.6005999999999014 39.353209362283174
0.6106099999998559 39.90027590342989
0.6206199999998103 40.43011444542532
0.6306299999997648 40.56540254227136
0.6406399999997192 41.010771140514045
0.6506499999996737 41.5825247613677
0.6606599999996281 41.85936070861343
0.6706699999995825 42.22702007616973
0.680679999999537 42.510010440865116
0.6906899999994914 42.85739360036624
0.7006999999994459 42.44045827269909
0.7107099999994003 42.48833814483394
0.7207199999993548 42.575829658011386
0.7307299999993092 41.525995215405416
0.7407399999992637 40.82805026281089
0.7507499999992181 40.930981977003384
0.7607599999991725 40.375830567402595
0.770769999999127 39.7075577131408
0.7807799999990814 38.834922273060656
0.7907899999990359 37.65763646747273
0.8007999999989903 37.75037900379118
0.8108099999989448 36.44456452105757
0.8208199999988992 34.93074572838157
0.8308299999988537 33.901579995827106
0.8408399999988081 31.33319222318888
0.8508499999987625 29.12617830448969
0.860859999998717 28.20457738347735
0.8708699999986714 25.86274943220942
0.8808799999986259 23.561783407870877
0.8908899999985803 20.932658260836103
0.9008999999985348 19.492666767279182
0.9109099999984892 17.400398542775275
0.9209199999984437 14.317918610081916
0.9309299999983981 12.57135608517674
0.9409399999983525 11.314236380887872
0.950949999998307 8.579267535957833
0.9609599999982614 8.221025352019534
0.9709699999982159 7.548617734015209
0.9809799999981703 6.52957464281661
0.9909899999981248 5.929535971099124
1.0009999999980903 5.073789863695322
1.0110099999981559 4.936658833289872
1.0210199999982215 4.835629659405192
1.031029999998287 4.931504698821048
1.0410399999983526 3.953864996215965
1.0510499999984182 3.9336770849235476
1.0610599999984838 3.648087252827987
1.0710699999985493 3.537726362954983
1.081079999998615 3.0418106169388697
1.0910899999986805 3.1095641661707236
1.101099999998746 3.2102678347356752
1.1111099999988117 3.216534172638149
1.1211199999988772 3.049181885254524
1.1311299999989428 3.0980594743700784
1.1411399999990084 4.390379902742726
1.151149999999074 3.2223221185397786
1.1611599999991395 3.336783861881654
1.1711699999992051 3.2636218125804937
1.1811799999992707 3.371269321307205
1.1911899999993363 2.8884249368735966
1.2011999999994019 2.950050704945636
1.2112099999994674 2.9406977562105885
1.221219999999533 2.7068990329779394
1.2312299999995986 2.61699488616854
1.2412399999996642 2.6570235713768517
1.2512499999997297 2.4888363085126866
1.2612599999997953 2.497071361905023
1.271269999999861 2.6136292126543488
1.2812799999999265 2.6150667248464017
1.291289999999992 2.675734948771874
1.3013000000000576 2.493321017689927
1.3113100000001232 2.4563971378424894
1.3213200000001888 2.5620370843761626
1.3313300000002544 2.6793846998471564
1.34134000000032 2.735713228533695
1.3513500000003855 2.6968127835182165
1.361360000000451 2.547444228946817
1.3713700000005167 2.468408770245326
1.3813800000005823 2.5742803316672207
1.3913900000006478 2.3627749126373683
1.4014000000007134 2.324658372424502
1.411410000000779 2.2873956318607203
1.4214200000008446 2.3572475544867983
1.4314300000009101 2.4207064263108924
1.4414400000009757 2.4272777644766705
1.4514500000010413 2.380105958425291
1.4614600000011069 2.530193370394007
1.4714700000011725 2.525762911078494
1.481480000001238 2.5269581098339393
1.4914900000013036 2.561384478684556
