89
1.1 2.2
1.2 1.1 1.0
1.0000e-02 5.0000e-02
1.0000e-02 5.0000e-02
1.0000e-02 5.0000e-02
1.0000e-02 5.0000e-02
1.0000e-02 5.0000e-02
1.0000e-02 5.0000e-02
1.0000e-02 5.0000e-02
1.0000e-02 5.0000e-02
1.0000e-02 5.0000e-02
1.0000e-02 5.0000e-02
1.0000e-02 5.0000e-02
1.0000e-02 5.0000e-02
1.0000e-02 5.0000e-02
1.0000e-02 5.0000e-02
1.0000e-02 5.0000e-02
1.0000e-02 5.0000e-02
1.0000e-02 5.0000e-02
1.0000e-02 5.0000e-02
1.0000e-02 5.0000e-02
1.0000e-02 5.0000e-02
1.0000e-02 5.0000e-02
1.0000e-02 5.0000e-02
1.0000e-02 5.0000e-02
1.0000e-02 5.0000e-02
1.0000e-02 5.0000e-02
1.0000e-02 5.0000e-02
1.0000e-02 5.0000e-02
1.0000e-02 5.0000e-02
1.0000e-02 5.0000e-02
1.0000e-02 5.0000e-02
1.0000e-02 5.0000e-02
1.0000e-02 5.0000e-02
1.0000e-02 5.0000e-02
1.0000e-02 5.0000e-02
1.0000e-02 5.0000e-02
1.0000e-02 5.0000e-02
1.0000e-02 5.0000e-02
1.0000e-02 5.0000e-02
1.0000e-02 5.0000e-02
1.0000e-02 5.0000e-02
1.0000e-02 5.0000e-02
1.0000e-02 5.0000e-02
1.0000e-02 5.0000e-02
1.0000e-02 5.0000e-02
1.0000e-02 5.0000e-02
1.0000e-02 5.0000e-02
1.0000e-02 5.0000e-02
1.0000e-02 5.0000e-02
1.0000e-02 5.0000e-02
1.0000e-02 5.0000e-02
1.0000e-02 5.0000e-02
1.0000e-02 5.0000e-02
1.0000e-02 5.0000e-02
1.0000e-02 5.0000e-02
1.0000e-02 5.0000e-02
1.0000e-02 5.0000e-02
1.0000e-02 5.0000e-02
1.0000e-02 5.0000e-02
1.0000e-02 5.0000e-02
1.0000e-02 5.0000e-02
1.0000e-02 5.0000e-02
1.0000e-02 5.0000e-02
1.0000e-02 5.0000e-02
1.0000e-02 5.0000e-02
1.0000e-02 5.0000e-02
1.0000e-02 5.0000e-02
1.0000e-02 5.0000e-02
1.0000e-02 5.0000e-02
1.0000e-02 5.0000e-02
1.0000e-02 5.0000e-02
1.0000e-02 5.0000e-02
1.0000e-02 5.0000e-02
1.0000e-02 5.0000e-02
1.0000e-02 5.0000e-02
1.0000e-02 5.0000e-02
1.0000e-02 5.0000e-02
1.0000e-02 5.0000e-02
1.0000e-02 5.0000e-02
1.0000e-02 5.0000e-02
1.0000e-02 5.0000e-02
1.0000e-02 5.0000e-02
1.0000e-02 5.0000e-02
1.0000e-02 5.0000e-02
1.0000e-02 5.0000e-02
1.0000e-02 5.0000e-02
1.0000e-02 5.0000e-02
1.0000e-02 5.0000e-02
1.0000e-02 5.0000e-02
1.0000e-02 5.0000e-02
