51
9.5 11.0
10.0 9.5 8.0
1.0000e-02
1.0000e-02
1.0000e-02
1.0000e-02
1.0000e-02
1.0000e-02
1.0000e-02
1.0000e-02
1.0000e-02
1.0000e-02
1.0000e-02
1.0000e-02
1.0000e-02
1.0000e-02
1.0000e-02
1.0000e-02
1.0000e-02
1.0000e-02
1.0000e-02
1.0000e-02
1.0000e-02
1.0000e-02
1.0000e-02
1.0000e-02
1.0000e-02
1.0000e-02
1.0000e-02
1.0000e-02
1.0000e-02
1.0000e-02
1.0000e-02
1.0000e-02
1.0000e-02
1.0000e-02
1.0000e-02
1.0000e-02
1.0000e-02
1.0000e-02
1.0000e-02
1.0000e-02
1.0000e-02
1.0000e-02
1.0000e-02
1.0000e-02
1.0000e-02
1.0000e-02
1.0000e-02
1.0000e-02
1.0000e-02
1.0000e-02
1.0000e-02
