81
9.5 11.0
10.0 9.5 5.0
1.0000e-02
1.0000e-02
1.0000e-02
1.0000e-02
1.0000e-02
1.0000e-02
1.0000e-02
1.0000e-02
1.0000e-02
1.0000e-02
1.0000e-02
1.0000e-02
1.0000e-02
1.0000e-02
1.0000e-02
1.0000e-02
1.0000e-02
1.0000e-02
1.0000e-02
1.0000e-02
1.0000e-02
1.0000e-02
1.0000e-02
1.0000e-02
1.0000e-02
1.0000e-02
1.0000e-02
1.0000e-02
1.0000e-02
1.0000e-02
1.0000e-02
1.0000e-02
1.0000e-02
1.0000e-02
1.0000e-02
1.0000e-02
1.0000e-02
1.0000e-02
1.0000e-02
1.0000e-02
1.0000e-02
1.0000e-02
1.0000e-02
1.0000e-02
1.0000e-02
1.0000e-02
1.0000e-02
1.0000e-02
1.0000e-02
1.0000e-02
1.0000e-02
1.0000e-02
1.0000e-02
1.0000e-02
1.0000e-02
1.0000e-02
1.0000e-02
1.0000e-02
1.0000e-02
1.0000e-02
1.0000e-02
1.0000e-02
1.0000e-02
1.0000e-02
1.0000e-02
1.0000e-02
1.0000e-02
1.0000e-02
1.0000e-02
1.0000e-02
1.0000e-02
1.0000e-02
1.0000e-02
1.0000e-02
1.0000e-02
1.0000e-02
1.0000e-02
1.0000e-02
1.0000e-02
1.0000e-02
1.0000e-02
