26
9.9 11.0
10.0 9.9 0
1.0000e-02 8.0000e-01
1.0000e-02 8.0000e-01
1.0000e-02 8.0000e-01
1.0000e-02 8.0000e-01
1.0000e-02 8.0000e-01
1.0000e-02 8.0000e-01
1.0000e-02 8.0000e-01
1.0000e-02 8.0000e-01
1.0000e-02 8.0000e-01
1.0000e-02 8.0000e-01
1.0000e-02 8.0000e-01
1.0000e-02 8.0000e-01
1.0000e-02 8.0000e-01
1.0000e-02 8.0000e-01
1.0000e-02 8.0000e-01
1.0000e-02 8.0000e-01
1.0000e-02 8.0000e-01
1.0000e-02 8.0000e-01
1.0000e-02 8.0000e-01
1.0000e-02 8.0000e-01
1.0000e-02 8.0000e-01
1.0000e-02 8.0000e-01
1.0000e-02 8.0000e-01
1.0000e-02 8.0000e-01
1.0000e-02 8.0000e-01
1.0000e-02 8.0000e-01
