181
9.9 11.0
10.0 9.9 6.0
1.0000e-02
1.0000e-02
1.0000e-02
1.0000e-02
1.0000e-02
1.0000e-02
1.0000e-02
1.0000e-02
1.0000e-02
1.0000e-02
1.0000e-02
1.0000e-02
1.0000e-02
1.0000e-02
1.0000e-02
1.0000e-02
1.0000e-02
1.0000e-02
1.0000e-02
1.0000e-02
1.0000e-02
1.0000e-02
1.0000e-02
1.0000e-02
1.0000e-02
1.0000e-02
1.0000e-02
1.0000e-02
1.0000e-02
1.0000e-02
1.0000e-02
1.0000e-02
1.0000e-02
1.0000e-02
1.0000e-02
1.0000e-02
1.0000e-02
1.0000e-02
1.0000e-02
1.0000e-02
1.0000e-02
1.0000e-02
1.0000e-02
1.0000e-02
1.0000e-02
1.0000e-02
1.0000e-02
1.0000e-02
1.0000e-02
1.0000e-02
1.0000e-02
1.0000e-02
1.0000e-02
1.0000e-02
1.0000e-02
1.0000e-02
1.0000e-02
1.0000e-02
1.0000e-02
1.0000e-02
1.0000e-02
1.0000e-02
1.0000e-02
1.0000e-02
1.0000e-02
1.0000e-02
1.0000e-02
1.0000e-02
1.0000e-02
1.0000e-02
1.0000e-02
1.0000e-02
1.0000e-02
1.0000e-02
1.0000e-02
1.0000e-02
1.0000e-02
1.0000e-02
1.0000e-02
1.0000e-02
1.0000e-02
1.0000e-02
1.0000e-02
1.0000e-02
1.0000e-02
1.0000e-02
1.0000e-02
1.0000e-02
1.0000e-02
1.0000e-02
1.0000e-02
1.0000e-02
1.0000e-02
1.0000e-02
1.0000e-02
1.0000e-02
1.0000e-02
1.0000e-02
1.0000e-02
1.0000e-02
1.0000e-02
1.0000e-02
1.0000e-02
1.0000e-02
1.0000e-02
1.0000e-02
1.0000e-02
1.0000e-02
1.0000e-02
1.0000e-02
1.0000e-02
1.0000e-02
1.0000e-02
1.0000e-02
1.0000e-02
1.0000e-02
1.0000e-02
1.0000e-02
1.0000e-02
1.0000e-02
1.0000e-02
1.0000e-02
1.0000e-02
1.0000e-02
1.0000e-02
1.0000e-02
1.0000e-02
1.0000e-02
1.0000e-02
1.0000e-02
1.0000e-02
1.0000e-02
1.0000e-02
1.0000e-02
1.0000e-02
1.0000e-02
1.0000e-02
1.0000e-02
1.0000e-02
1.0000e-02
1.0000e-02
1.0000e-02
1.0000e-02
1.0000e-02
1.0000e-02
1.0000e-02
1.0000e-02
1.0000e-02
1.0000e-02
1.0000e-02
1.0000e-02
1.0000e-02
1.0000e-02
1.0000e-02
1.0000e-02
1.0000e-02
1.0000e-02
1.0000e-02
1.0000e-02
1.0000e-02
1.0000e-02
1.0000e-02
1.0000e-02
1.0000e-02
1.0000e-02
1.0000e-02
1.0000e-02
1.0000e-02
1.0000e-02
1.0000e-02
1.0000e-02
1.0000e-02
1.0000e-02
1.0000e-02
1.0000e-02
1.0000e-02
1.0000e-02
1.0000e-02
1.0000e-02
1.0000e-02
1.0000e-02
