98
5.0 11.0
10.0 5.0 2.0
1.0000e-02
1.0000e-02
1.0000e-02
1.0000e-02
1.0000e-02
1.0000e-02
1.0000e-02
1.0000e-02
1.0000e-02
1.0000e-02
1.0000e-02
1.0000e-02
1.0000e-02
1.0000e-02
1.0000e-02
1.0000e-02
1.0000e-02
1.0000e-02
1.0000e-02
1.0000e-02
1.0000e-02
1.0000e-02
1.0000e-02
1.0000e-02
1.0000e-02
1.0000e-02
1.0000e-02
1.0000e-02
1.0000e-02
1.0000e-02
1.0000e-02
1.0000e-02
1.0000e-02
1.0000e-02
1.0000e-02
1.0000e-02
1.0000e-02
1.0000e-02
1.0000e-02
1.0000e-02
1.0000e-02
1.0000e-02
1.0000e-02
1.0000e-02
1.0000e-02
1.0000e-02
1.0000e-02
1.0000e-02
1.0000e-02
1.0000e-02
1.0000e-02
1.0000e-02
1.0000e-02
1.0000e-02
1.0000e-02
1.0000e-02
1.0000e-02
1.0000e-02
1.0000e-02
1.0000e-02
1.0000e-02
1.0000e-02
1.0000e-02
1.0000e-02
1.0000e-02
1.0000e-02
1.0000e-02
1.0000e-02
1.0000e-02
1.0000e-02
1.0000e-02
1.0000e-02
1.0000e-02
1.0000e-02
1.0000e-02
1.0000e-02
1.0000e-02
1.0000e-02
1.0000e-02
1.0000e-02
1.0000e-02
1.0000e-02
1.0000e-02
1.0000e-02
1.0000e-02
1.0000e-02
1.0000e-02
1.0000e-02
1.0000e-02
1.0000e-02
1.0000e-02
1.0000e-02
1.0000e-02
1.0000e-02
1.0000e-02
1.0000e-02
1.0000e-02
1.0000e-02
