242
0.9 2.0
1.0 0.9 0.5
1.0000e-02 2.5000e-02
1.0000e-02 2.5000e-02
1.0000e-02 2.5000e-02
1.0000e-02 2.5000e-02
1.0000e-02 2.5000e-02
1.0000e-02 2.5000e-02
1.0000e-02 2.5000e-02
1.0000e-02 2.5000e-02
1.0000e-02 2.5000e-02
1.0000e-02 2.5000e-02
1.0000e-02 2.5000e-02
1.0000e-02 2.5000e-02
1.0000e-02 2.5000e-02
1.0000e-02 2.5000e-02
1.0000e-02 2.5000e-02
1.0000e-02 2.5000e-02
1.0000e-02 2.5000e-02
1.0000e-02 2.5000e-02
1.0000e-02 2.5000e-02
1.0000e-02 2.5000e-02
1.0000e-02 2.5000e-02
1.0000e-02 2.5000e-02
1.0000e-02 2.5000e-02
1.0000e-02 2.5000e-02
1.0000e-02 2.5000e-02
1.0000e-02 2.5000e-02
1.0000e-02 2.5000e-02
1.0000e-02 2.5000e-02
1.0000e-02 2.5000e-02
1.0000e-02 2.5000e-02
1.0000e-02 2.5000e-02
1.0000e-02 2.5000e-02
1.0000e-02 2.5000e-02
1.0000e-02 2.5000e-02
1.0000e-02 2.5000e-02
1.0000e-02 2.5000e-02
1.0000e-02 2.5000e-02
1.0000e-02 2.5000e-02
1.0000e-02 2.5000e-02
1.0000e-02 2.5000e-02
1.0000e-02 2.5000e-02
1.0000e-02 2.5000e-02
1.0000e-02 2.5000e-02
1.0000e-02 2.5000e-02
1.0000e-02 2.5000e-02
1.0000e-02 2.5000e-02
1.0000e-02 2.5000e-02
1.0000e-02 2.5000e-02
1.0000e-02 2.5000e-02
1.0000e-02 2.5000e-02
1.0000e-02 2.5000e-02
1.0000e-02 2.5000e-02
1.0000e-02 2.5000e-02
1.0000e-02 2.5000e-02
1.0000e-02 2.5000e-02
1.0000e-02 2.5000e-02
1.0000e-02 2.5000e-02
1.0000e-02 2.5000e-02
1.0000e-02 2.5000e-02
1.0000e-02 2.5000e-02
1.0000e-02 2.5000e-02
1.0000e-02 2.5000e-02
1.0000e-02 2.5000e-02
1.0000e-02 2.5000e-02
1.0000e-02 2.5000e-02
1.0000e-02 2.5000e-02
1.0000e-02 2.5000e-02
1.0000e-02 2.5000e-02
1.0000e-02 2.5000e-02
1.0000e-02 2.5000e-02
1.0000e-02 2.5000e-02
1.0000e-02 2.5000e-02
1.0000e-02 2.5000e-02
1.0000e-02 2.5000e-02
1.0000e-02 2.5000e-02
1.0000e-02 2.5000e-02
1.0000e-02 2.5000e-02
1.0000e-02 2.5000e-02
1.0000e-02 2.5000e-02
1.0000e-02 2.5000e-02
1.0000e-02 2.5000e-02
1.0000e-02 2.5000e-02
1.0000e-02 2.5000e-02
1.0000e-02 2.5000e-02
1.0000e-02 2.5000e-02
1.0000e-02 2.5000e-02
1.0000e-02 2.5000e-02
1.0000e-02 2.5000e-02
1.0000e-02 2.5000e-02
1.0000e-02 2.5000e-02
1.0000e-02 2.5000e-02
1.0000e-02 2.5000e-02
1.0000e-02 2.5000e-02
1.0000e-02 2.5000e-02
1.0000e-02 2.5000e-02
1.0000e-02 2.5000e-02
1.0000e-02 2.5000e-02
1.0000e-02 2.5000e-02
1.0000e-02 2.5000e-02
1.0000e-02 2.5000e-02
1.0000e-02 2.5000e-02
1.0000e-02 2.5000e-02
1.0000e-02 2.5000e-02
1.0000e-02 2.5000e-02
1.0000e-02 2.5000e-02
1.0000e-02 2.5000e-02
1.0000e-02 2.5000e-02
1.0000e-02 2.5000e-02
1.0000e-02 2.5000e-02
1.0000e-02 2.5000e-02
1.0000e-02 2.5000e-02
1.0000e-02 2.5000e-02
1.0000e-02 2.5000e-02
1.0000e-02 2.5000e-02
1.0000e-02 2.5000e-02
1.0000e-02 2.5000e-02
1.0000e-02 2.5000e-02
1.0000e-02 2.5000e-02
1.0000e-02 2.5000e-02
1.0000e-02 2.5000e-02
1.0000e-02 2.5000e-02
1.0000e-02 2.5000e-02
1.0000e-02 2.5000e-02
1.0000e-02 2.5000e-02
1.0000e-02 2.5000e-02
1.0000e-02 2.5000e-02
1.0000e-02 2.5000e-02
1.0000e-02 2.5000e-02
1.0000e-02 2.5000e-02
1.0000e-02 2.5000e-02
1.0000e-02 2.5000e-02
1.0000e-02 2.5000e-02
1.0000e-02 2.5000e-02
1.0000e-02 2.5000e-02
1.0000e-02 2.5000e-02
1.0000e-02 2.5000e-02
1.0000e-02 2.5000e-02
1.0000e-02 2.5000e-02
1.0000e-02 2.5000e-02
1.0000e-02 2.5000e-02
1.0000e-02 2.5000e-02
1.0000e-02 2.5000e-02
1.0000e-02 2.5000e-02
1.0000e-02 2.5000e-02
1.0000e-02 2.5000e-02
1.0000e-02 2.5000e-02
1.0000e-02 2.5000e-02
1.0000e-02 2.5000e-02
1.0000e-02 2.5000e-02
1.0000e-02 2.5000e-02
1.0000e-02 2.5000e-02
1.0000e-02 2.5000e-02
1.0000e-02 2.5000e-02
1.0000e-02 2.5000e-02
1.0000e-02 2.5000e-02
1.0000e-02 2.5000e-02
1.0000e-02 2.5000e-02
1.0000e-02 2.5000e-02
1.0000e-02 2.5000e-02
1.0000e-02 2.5000e-02
1.0000e-02 2.5000e-02
1.0000e-02 2.5000e-02
1.0000e-02 2.5000e-02
1.0000e-02 2.5000e-02
1.0000e-02 2.5000e-02
1.0000e-02 2.5000e-02
1.0000e-02 2.5000e-02
1.0000e-02 2.5000e-02
1.0000e-02 2.5000e-02
1.0000e-02 2.5000e-02
1.0000e-02 2.5000e-02
1.0000e-02 2.5000e-02
1.0000e-02 2.5000e-02
1.0000e-02 2.5000e-02
1.0000e-02 2.5000e-02
1.0000e-02 2.5000e-02
1.0000e-02 2.5000e-02
1.0000e-02 2.5000e-02
1.0000e-02 2.5000e-02
1.0000e-02 2.5000e-02
1.0000e-02 2.5000e-02
1.0000e-02 2.5000e-02
1.0000e-02 2.5000e-02
1.0000e-02 2.5000e-02
1.0000e-02 2.5000e-02
1.0000e-02 2.5000e-02
1.0000e-02 2.5000e-02
1.0000e-02 2.5000e-02
1.0000e-02 2.5000e-02
1.0000e-02 2.5000e-02
1.0000e-02 2.5000e-02
1.0000e-02 2.5000e-02
1.0000e-02 2.5000e-02
1.0000e-02 2.5000e-02
1.0000e-02 2.5000e-02
1.0000e-02 2.5000e-02
1.0000e-02 2.5000e-02
1.0000e-02 2.5000e-02
1.0000e-02 2.5000e-02
1.0000e-02 2.5000e-02
1.0000e-02 2.5000e-02
1.0000e-02 2.5000e-02
1.0000e-02 2.5000e-02
1.0000e-02 2.5000e-02
1.0000e-02 2.5000e-02
1.0000e-02 2.5000e-02
1.0000e-02 2.5000e-02
1.0000e-02 2.5000e-02
1.0000e-02 2.5000e-02
1.0000e-02 2.5000e-02
1.0000e-02 2.5000e-02
1.0000e-02 2.5000e-02
1.0000e-02 2.5000e-02
1.0000e-02 2.5000e-02
1.0000e-02 2.5000e-02
1.0000e-02 2.5000e-02
1.0000e-02 2.5000e-02
1.0000e-02 2.5000e-02
1.0000e-02 2.5000e-02
1.0000e-02 2.5000e-02
1.0000e-02 2.5000e-02
1.0000e-02 2.5000e-02
1.0000e-02 2.5000e-02
1.0000e-02 2.5000e-02
1.0000e-02 2.5000e-02
1.0000e-02 2.5000e-02
1.0000e-02 2.5000e-02
1.0000e-02 2.5000e-02
1.0000e-02 2.5000e-02
1.0000e-02 2.5000e-02
1.0000e-02 2.5000e-02
1.0000e-02 2.5000e-02
1.0000e-02 2.5000e-02
1.0000e-02 2.5000e-02
1.0000e-02 2.5000e-02
1.0000e-02 2.5000e-02
1.0000e-02 2.5000e-02
1.0000e-02 2.5000e-02
1.0000e-02 2.5000e-02
1.0000e-02 2.5000e-02
1.0000e-02 2.5000e-02
1.0000e-02 2.5000e-02
